SKYSAT-A                
1 39418U 13066C   26273.86026443  .00001498  00000+0  86979-4 0  9998
2 39418  97.3700 319.8593 0019853 311.3905  48.5619 15.13460134704461
SKYSAT-B                
1 40072U 14037D   26273.89146737  .00000706  00000+0  83134-4 0  9998
2 40072  98.3978 238.9696 0004409 304.3643  55.7155 14.88247055661681
SKYSAT-C1               
1 41601U 16040C   26273.87460821  .00004744  00000+0  12973-3 0  9992
2 41601  96.9497 299.9380 0002945  44.2558 315.8923 15.37814315574102
SKYSAT-C5               
1 41772U 16058C   26273.89709298  .00003669  00000+0  11252-3 0  9990
2 41772  97.0372 309.7108 0000608 179.9941 180.1303 15.34359676559951
SKYSAT-C2               
1 41773U 16058D   26273.56765812  .00006581  00000+0  14541-3 0  9999
2 41773  97.0135 291.8343 0004151  53.8412 306.3221 15.44161410561302
SKYSAT-C11              
1 42987U 17068A   26273.72446760  .00027907  00000+0  30078-3 0  9993
2 42987  97.4480  67.6882 0000247  36.6696 323.4580 15.63659812499700
SKYSAT-C10              
1 42988U 17068B   26273.86408293  .00005710  00000+0  16371-3 0  9996
2 42988  97.4657  51.9705 0001199  90.8547 269.2834 15.36301897498571
SKYSAT-C8               
1 42990U 17068D   26273.86470722  .00006487  00000+0  17126-3 0  9996
2 42990  97.4674  52.1871 0001361  85.3656 274.7745 15.38813288498555
SKYSAT-C7               
1 42991U 17068E   26273.86196701  .00006518  00000+0  17224-3 0  9993
2 42991  97.4687  53.1819 0006878  89.2264 270.9769 15.38765325498618
SKYSAT-C12              
1 43797U 18099AR  26274.00168563  .00010334  00000+0  17303-3 0  9994
2 43797  96.9229 293.1938 0005859 120.9716 239.2114 15.52021211438251
FLOCK 4Q-16             
1 58271U 23174R   26273.81865431  .00012376  00000+0  19509-3 0  9991
2 58271  97.3763   4.6601 0006834 143.7471 216.4247 15.53670709161956
FLOCK 4Q-2              
1 58320U 23174BS  26274.26579763  .00017749  00000+0  27281-3 0  9991
2 58320  97.3810   5.5773 0005816 111.7491 248.4382 15.54292747162050
FLOCK 4Q-9              
1 58322U 23174BU  26273.98918470  .00014612  00000+0  21943-3 0  9998
2 58322  97.3806   5.4880 0007108 113.8672 246.3328 15.54967617162002
FLOCK 4Q-13             
1 58328U 23174CA  26273.98611018  .00016772  00000+0  23880-3 0  9993
2 58328  97.3976   8.2413 0006402 119.6673 240.5220 15.56395175162104
FLOCK 4BE-18            
1 60480U 24149N   26273.23081161  .00021084  00000+0  43537-3 0  9999
2 60480  97.3666 358.2820 0003091 214.4757 145.6292 15.45869032118516
FLOCK 4BE-7             
1 60481U 24149P   26274.15578097  .00021691  00000+0  46096-3 0  9998
2 60481  97.3690 358.4244 0002465 213.7287 146.3805 15.45019484118583
FLOCK 4BE-25            
1 60487U 24149V   26274.05100760  .00018267  00000+0  42846-3 0  9995
2 60487  97.3733 358.0926 0001922 203.3010 156.8151 15.42114090118537
FLOCK 4BE-31            
1 60488U 24149W   26273.76692618  .00028100  00000+0  51895-3 0  9992
2 60488  97.3742   0.9086 0002303 217.3474 142.7618 15.49052672118694
FLOCK 4BE-23            
1 60490U 24149Y   26273.76202500  .00017451  00000+0  42765-3 0  9995
2 60490  97.3713 356.8371 0002324 233.7177 126.3855 15.40798209118437
FLOCK 4BE-17            
1 60492U 24149AA  26274.04050272  .00021584  00000+0  48261-3 0  9995
2 60492  97.3703 358.4454 0002536 213.4195 146.6893 15.43512925118561
FLOCK 4BE-34            
1 60495U 24149AD  26274.00007202  .00025935  00000+0  54572-3 0  9995
2 60495  97.3719 359.6811 0002734 244.0697 116.0270 15.45275500118644
FLOCK 4BE-32            
1 60497U 24149AF  26273.76290123  .00028070  00000+0  56622-3 0  9996
2 60497  97.3658 359.0739 0002997 238.7902 121.3054 15.46497810118629
FLOCK 4BE-24            
1 60505U 24149AP  26273.99176456  .00026300  00000+0  50766-3 0  9990
2 60505  97.3651 359.9634 0002929 242.3175 117.7778 15.47790856118701
TANAGER-1               
1 60507U 24149AR  26274.05328251  .00009277  00000+0  20563-3 0  9998
2 60507  97.2278   7.6991 0000599  37.7007 322.4283 15.43971110119371
FLOCK 4BE-13            
1 60512U 24149AW  26274.16181001  .00022081  00000+0  46001-3 0  9999
2 60512  97.3658 359.8664 0003494 234.6337 125.4586 15.45599262118710
FLOCK 4BE-27            
1 60513U 24149AX  26274.04141184  .00004965  00000+0  14364-3 0  9993
2 60513  97.3757 356.0277 0002419 290.5642  69.5342 15.36079298118389
FLOCK 4BE-6             
1 60516U 24149BA  26273.76523801  .00019522  00000+0  44360-3 0  9998
2 60516  97.3729 358.4069 0002238 272.7675  87.3316 15.43052928118538
FLOCK 4BE-14            
1 60517U 24149BB  26273.76625843  .00022946  00000+0  48775-3 0  9996
2 60517  97.3630 358.6699 0003208 257.8334 102.2556 15.44999157118601
FLOCK 4BE-1             
1 60518U 24149BC  26273.98855380  .00025126  00000+0  50010-3 0  9990
2 60518  97.3719   0.5749 0003033 256.2112 103.8800 15.46909787118704
FLOCK 4BE-5             
1 60559U 24149CV  26274.00785254  .00021384  00000+0  46936-3 0  9995
2 60559  97.3781 359.2315 0002308 247.6722 112.4282 15.44066507118584
FLOCK 4BE-3             
1 60561U 24149CX  26274.15968191  .00022048  00000+0  45925-3 0  9992
2 60561  97.3628 359.3093 0002729 246.2832 113.8131 15.45605633118684
FLOCK 4G-8              
1 62613U 25009E   26273.98897975  .00006220  00000+0  20627-3 0  9995
2 62613  97.3938 355.6478 0002535 306.6654  53.4355 15.31620640 95100
FLOCK 4G-9              
1 62622U 25009P   26273.97431873  .00004771  00000+0  16882-3 0  9992
2 62622  97.3891 354.2231 0003251 323.0218  37.0798 15.29631117 95023
FLOCK 4G-12             
1 62625U 25009S   26273.53522891  .00005653  00000+0  19100-3 0  9994
2 62625  97.3956 354.9771 0002601 303.4538  56.6454 15.31059752 95016
FLOCK 4G-11             
1 62629U 25009W   26273.77357966  .00005808  00000+0  19477-3 0  9992
2 62629  97.3856 354.6883 0001363 329.7790  30.3373 15.31285086 95060
FLOCK 4G-26             
1 62633U 25009AA  26274.03869015  .00005263  00000+0  17596-3 0  9995
2 62633  97.3950 355.6765 0001762 288.2541  71.8508 15.31433326 95103
FLOCK 4G-28             
1 62634U 25009AB  26273.48708811  .00005142  00000+0  14699-3 0  9997
2 62634  97.3976 358.5220 0000419 332.9952  27.1270 15.36436479 95243
FLOCK 4G-3              
1 62639U 25009AG  26272.74703062  .00003862  00000+0  12944-3 0  9991
2 62639  97.3960 354.3826 0001274 340.7327  19.3866 15.31523871 94892
FLOCK 4G-27             
1 62641U 25009AJ  26273.81748382  .00006092  00000+0  20510-3 0  9993
2 62641  97.3864 354.6930 0000698 317.3059  42.8128 15.31141494 95056
FLOCK 4G-22             
1 62645U 25009AN  26273.95294408  .00006008  00000+0  20243-3 0  9997
2 62645  97.3942 355.5483 0000683 272.0222  88.0941 15.31118297 95097
FLOCK 4G-25             
1 62646U 25009AP  26273.98124047  .00005705  00000+0  19131-3 0  9999
2 62646  97.3950 355.6891 0000436 309.6425  50.4777 15.31298043 95109
FLOCK 4G-23             
1 62647U 25009AQ  26273.98869711  .00031379  00000+0  76241-3 0  9995
2 62647  97.3849 356.1638 0001211 224.6822 135.4327 15.40941481 95174
FLOCK 4G-21             
1 62651U 25009AU  26273.98935635  .00026576  00000+0  70894-3 0  9990
2 62651  97.3922 356.7234 0000972 281.9689  78.1447 15.38114196 95188
FLOCK 4G-31             
1 62652U 25009AV  26273.77511647  .00009400  00000+0  31626-3 0  9998
2 62652  97.3903 354.8447 0000554  22.1293 337.9972 15.31007671 95052
FLOCK 4G-6              
1 62660U 25009BD  26273.81145933  .00005953  00000+0  19974-3 0  9994
2 62660  97.3874 354.7461 0002025 337.5686  22.5467 15.31258181152657
FLOCK 4G-2              
1 62661U 25009BE  26273.78518532  .00005900  00000+0  19545-3 0  9996
2 62661  97.3943 355.4786 0002684 321.4554  38.6496 15.31672991152682
FLOCK 4G-1              
1 62666U 25009BK  26273.77525145  .00006053  00000+0  20075-3 0  9998
2 62666  97.3956 355.4488 0002853 317.0211  43.0807 15.31624878 95064
FLOCK 4G-14             
1 62667U 25009BL  26273.83035892  .00005811  00000+0  19602-3 0  9996
2 62667  97.3961 355.2479 0002790 310.3263  49.7735 15.31094746 95059
FLOCK 4G-36             
1 62675U 25009BU  26274.02690052  .00005979  00000+0  20086-3 0  9995
2 62675  97.3947 355.3647 0003088 314.6400  45.4589 15.31217874 95083
FLOCK 4G-15             
1 62678U 25009BX  26273.83152389  .00006201  00000+0  20739-3 0  9996
2 62678  97.3949 355.3295 0003211 309.8072  50.2886 15.31347611152706
FLOCK 4G-18             
1 62680U 25009BZ  26273.77371746  .00024668  00000+0  67090-3 0  9990
2 62680  97.3934 355.6691 0003585 306.2624  53.8289 15.37525270152727
FLOCK 4G-17             
1 62681U 25009CA  26273.98250210  .00005749  00000+0  19205-3 0  9990
2 62681  97.3851 354.8664 0003292 330.2450  29.8604 15.31416941152739
PELICAN-3               
1 65315U 25188A   26273.75906276  .00003175  00000+0  78976-4 0  9992
2 65315  97.1880 348.3060 0000789 110.6546 249.4786 15.41015828 61570
PELICAN-4               
1 65316U 25188B   26272.69174876  .00030827  00000+0  74616-3 0  9998
2 65316  97.1990 347.3989 0002123  83.1139 277.0349 15.41056964 61408
PELICAN-5               
1 66667U 25276B   26273.16702338  .00004453  00000+0  12529-3 0  9990
2 66667  97.3735 348.4326 0001567 109.2475 250.8939 15.37012806 46610
FLOCK 4H-1              
1 66704U 25276AQ  26273.69548528  .00011133  00000+0  48952-3 0  9991
2 66704  97.4078 345.7431 0001288 333.0424  27.0745 15.22053045 46478
FLOCK 4H-2              
1 66705U 25276AR  26273.98428947  .00003525  00000+0  15750-3 0  9992
2 66705  97.4077 346.1036 0000956  42.9270 317.2041 15.21990219 46521
FLOCK 4H-4              
1 66707U 25276AT  26273.73763222  .00003646  00000+0  16808-3 0  9994
2 66707  97.4132 345.5775 0004386  13.3793 346.7558 15.20880637 46454
FLOCK 4H-5              
1 66708U 25276AU  26273.75408868  .00003695  00000+0  16655-3 0  9993
2 66708  97.4082 345.8193 0001063  70.5469 289.5882 15.21652006 46485
FLOCK 4H-7              
1 66710U 25276AW  26273.74029508  .00003691  00000+0  16849-3 0  9996
2 66710  97.4091 345.5611 0002992  50.5769 309.5731 15.21217712 46468
FLOCK 4H-8              
1 66711U 25276AX  26273.79116572  .00003342  00000+0  15233-3 0  9999
2 66711  97.4131 345.8147 0003730  30.4652 329.6800 15.21335333 46471
FLOCK 4H-10             
1 66713U 25276AZ  26273.71591890  .00003126  00000+0  14421-3 0  9991
2 66713  97.4097 345.4699 0004269  15.3605 344.7759 15.20970256 46457
FLOCK 4H-12             
1 66715U 25276BB  26273.77528109  .00003062  00000+0  13864-3 0  9991
2 66715  97.4096 345.8316 0001319   7.3918 352.7337 15.21634712 46792
FLOCK 4H-14             
1 66717U 25276BD  26274.00621220  .00004192  00000+0  18519-3 0  9995
2 66717  97.4111 346.3609 0000479  74.3446 285.7843 15.22266938 45786
FLOCK 4H-15             
1 66718U 25276BE  26273.67967833  .00010340  00000+0  45806-3 0  9992
2 66718  97.4124 345.4781 0003425  24.9345 335.2056 15.21813893 46443
FLOCK 4H-18             
1 66721U 25276BH  26273.73205120  .00003329  00000+0  15364-3 0  9992
2 66721  97.4084 345.3932 0004326  39.5115 320.6436 15.20905233 46457
FLOCK 4H-19             
1 66722U 25276BJ  26273.73896645  .00003127  00000+0  14000-3 0  9993
2 66722  97.4083 345.9958 0000088 330.3106  29.8125 15.22005401 45782
FLOCK 4H-20             
1 66723U 25276BK  26273.99270795  .00003676  00000+0  16264-3 0  9997
2 66723  97.4122 346.4170 0001178 314.4875  45.6265 15.22297579 45786
FLOCK 4H-22             
1 66725U 25276BM  26273.72035013  .00003394  00000+0  15440-3 0  9994
2 66725  97.4078 345.5324 0003270  46.9649 313.1861 15.21393531 46465
FLOCK 4H-23             
1 66726U 25276BN  26273.99570969  .00003316  00000+0  15307-3 0  9994
2 66726  97.4146 345.9030 0004026   8.3817 351.7485 15.20901281 46498
FLOCK 4H-25             
1 66728U 25276BQ  26273.74015461  .00003284  00000+0  14807-3 0  9998
2 66728  97.4098 345.8995 0000856 102.7582 257.3750 15.21727978 45765
FLOCK 4H-26             
1 66729U 25276BR  26273.75938129  .00003531  00000+0  16365-3 0  9991
2 66729  97.4098 345.4106 0004802  20.5558 339.5870 15.20719736 46456
FLOCK 4H-29             
1 66732U 25276BU  26273.73179778  .00003656  00000+0  16865-3 0  9993
2 66732  97.4076 345.3603 0003779  38.1760 321.9743 15.20861927 46453
FLOCK 4H-30             
1 66733U 25276BV  26273.78264478  .00003184  00000+0  14672-3 0  9991
2 66733  97.4138 345.6969 0004310  23.3149 336.8281 15.20996823 46467
FLOCK 4H-32             
1 66735U 25276BX  26273.66640234  .00003270  00000+0  15120-3 0  9993
2 66735  97.4130 345.5154 0004550  18.8209 341.3194 15.20852293 46442
FLOCK 4H-33             
1 66736U 25276BY  26273.96218557  .00003712  00000+0  16574-3 0  9991
2 66736  97.4127 346.3273 0000666 309.0095  51.1081 15.21977522 46526
FLOCK 4H-35             
1 66738U 25276CA  26274.00255878  .00002965  00000+0  13404-3 0  9994
2 66738  97.4101 346.1746 0000329 285.7096  74.4104 15.21714111 45818
FLOCK 4H-36             
1 66739U 25276CB  26273.98516146  .00003348  00000+0  15156-3 0  9991
2 66739  97.4151 346.2413 0001400 344.2461  15.8731 15.21576766 46519
PELICAN-8               
1 69018U 26100AQ  26273.71003019  .00010196  00000+0  38143-3 0  9992
2 69018  97.3078 169.7410 0003748  89.8563 270.3106 15.27502281 22904
PELICAN-9               
1 69019U 26100AR  26273.70849940  .00004554  00000+0  17048-3 0  9995
2 69019  97.2463 169.1634 0003358 104.4677 255.6936 15.27782340 22881
