COSMOS 2251             
1 22675U 93036A   26273.92679749  .00000031  00000+0  20476-4 0  9992
2 22675  74.0387 141.9992 0024381 157.9181 202.3027 14.33271275739592
COSMOS 2251 DEB         
1 33766U 93036P   26273.90103243  .00000526  00000+0  18657-3 0  9990
2 33766  74.1868 324.0399 0061285  83.7893 277.0238 14.35703582919377
COSMOS 2251 DEB         
1 33793U 93036AJ  26273.87591525  .00000599  00000+0  24154-3 0  9999
2 33793  73.9825 338.5618 0076033  61.5246  60.3369 14.28501540913772
COSMOS 2251 DEB         
1 33818U 93036BK  26274.00542677  .00103296  00000+0  15775-2 0  9993
2 33818  74.0652 265.2821 0009174 220.9787 139.0740 15.53940718943330
COSMOS 2251 DEB         
1 33832U 93036BZ  26273.35964867  .00002400  00000+0  46370-3 0  9996
2 33832  74.0563  11.8755 0023944 329.6993  97.1077 14.63825719926886
COSMOS 2251 DEB         
1 33844U 93036CM  26273.67299043  .00000462  00000+0  17153-3 0  9994
2 33844  74.0644 239.4993 0048709 191.6635 343.0332 14.34283350919108
COSMOS 2251 DEB         
1 33906U 93036DK  26273.63354170  .00002582  00000+0  52945-3 0  9995
2 33906  74.0268 124.8078 0034612  90.8180 326.3621 14.60874926922667
COSMOS 2251 DEB         
1 33917U 93036DW  26273.63324825  .00000800  00000+0  63310-3 0  9990
2 33917  74.1081   3.4491 0331750  35.1278 327.1228 13.70054145877302
COSMOS 2251 DEB         
1 33936U 93036ER  26274.04931699  .00001294  00000+0  26375-3 0  9998
2 33936  74.0168 197.9916 0028849 275.2058  84.5816 14.61827103931596
COSMOS 2251 DEB         
1 33971U 93036FE  26273.88971023  .00000379  00000+0  12820-3 0  9996
2 33971  74.0231  73.5778 0018002 107.9715  21.3094 14.40135492923444
COSMOS 2251 DEB         
1 33990U 93036FZ  26274.07445780  .00000232  00000+0  23621-3 0  9994
2 33990  73.9280 176.5485 0404343 142.7463 285.0807 13.50307232866754
COSMOS 2251 DEB         
1 34005U 93036GQ  26274.02919072  .00000144  00000+0  53531-4 0  9993
2 34005  74.0467  33.5186 0019377  81.3670  40.5595 14.40487431925875
COSMOS 2251 DEB         
1 34018U 93036HD  26273.84914492  .00000308  00000+0  23960-3 0  9991
2 34018  73.8776 316.8947 0266598 298.8576 242.6478 13.81373117886904
COSMOS 2251 DEB         
1 34035U 93036HW  26273.82839370  .00001810  00000+0  42455-3 0  9998
2 34035  74.0633 158.3526 0040457  91.6862  27.2576 14.54739611922106
COSMOS 2251 DEB         
1 34056U 93036JT  26274.00894279  .00001403  00000+0  59331-3 0  9990
2 34056  74.0553 272.9323 0128405 250.9354 138.3532 14.22109821905649
COSMOS 2251 DEB         
1 34114U 93036KK  26273.26196297  .00003205  00000+0  65059-3 0  9993
2 34114  74.0568 208.9943 0042156 137.5693  12.5667 14.61034219920539
COSMOS 2251 DEB         
1 34128U 93036KZ  26273.84083876  .00037285  00000+0  15884-2 0  9995
2 34128  73.9881  50.4296 0020728  90.7459  37.4088 15.22596373935814
COSMOS 2251 DEB         
1 34274U 93036LU  26273.63473038  .00002365  00000+0  42083-3 0  9990
2 34274  74.0022 224.7119 0023600 293.0992 242.2539 14.67538669929549
COSMOS 2251 DEB         
1 34314U 93036NL  26273.84080028  .00000449  00000+0  21966-3 0  9999
2 34314  74.0049 146.8258 0104509 187.0038 298.6915 14.17965537907971
COSMOS 2251 DEB         
1 34344U 93036PS  26273.28861606  .00001416  00000+0  63114-3 0  9995
2 34344  73.9764 309.0805 0148111  67.0611  56.8749 14.18006646902273
COSMOS 2251 DEB         
1 34413U 93036RE  26273.91586281  .00001348  00000+0  50231-3 0  9995
2 34413  74.0275  93.4211 0091225 101.2661  23.9930 14.30617598913078
COSMOS 2251 DEB         
1 34446U 93036SP  26273.56259298  .00000233  00000+0  67028-4 0  9992
2 34446  74.0403 229.8891 0052071 292.6241  66.9415 14.49599217929227
COSMOS 2251 DEB         
1 34476U 93036TV  26273.77056516  .00001292  00000+0  82747-3 0  9996
2 34476  74.0073 309.2600 0301037 105.3299 258.1305 13.84270201876766
COSMOS 2251 DEB         
1 34554U 93036UQ  26274.01674523  .00000323  00000+0  11438-3 0  9998
2 34554  74.0364 120.5936 0022736 116.6609  33.6013 14.38376173919572
COSMOS 2251 DEB         
1 34571U 93036VH  26272.21868520  .00003221  00000+0  76199-3 0  9994
2 34571  74.0401 355.7057 0064361 320.1665  39.4781 14.53267571915089
COSMOS 2251 DEB         
1 34609U 93036WE  26274.04791627  .00000682  00000+0  28647-3 0  9995
2 34609  73.7305 292.0081 0139313 105.4658 286.8319 14.22693833907880
COSMOS 2251 DEB         
1 34622U 93036WT  26273.42113138  .00000918  00000+0  39579-3 0  9994
2 34622  74.0401 143.2246 0106257 157.6744  17.1491 14.22892512906073
COSMOS 2251 DEB         
1 34672U 93036XS  26273.88618215  .00000239  00000+0  89498-4 0  9997
2 34672  74.0319 128.6630 0023917 134.9812 238.7711 14.36741382693730
COSMOS 2251 DEB         
1 34722U 93036YQ  26273.79441875  .00000710  00000+0  35104-3 0  9997
2 34722  73.8711 174.9408 0162209  44.6398  13.6854 14.12554165903681
COSMOS 2251 DEB         
1 34754U 93036ZY  26273.80386705  .00000322  00000+0  10827-3 0  9998
2 34754  74.0307  47.1731 0028477  94.0999  25.4511 14.40805419923397
COSMOS 2251 DEB         
1 34792U 93036AAV 26273.94573060  .00001378  00000+0  30616-3 0  9997
2 34792  74.0178 334.0434 0013045 349.1958  66.9186 14.57956027919064
COSMOS 2251 DEB         
1 34819U 93036ABJ 26273.85177017  .00002392  00000+0  42795-3 0  9997
2 34819  74.0164 299.2687 0017870 313.7794 220.9176 14.67356512925091
COSMOS 2251 DEB         
1 34874U 93036ACM 26273.96206845  .00000728  00000+0  24788-3 0  9995
2 34874  74.0362 256.4406 0053226 214.4955 176.4819 14.37493327912422
COSMOS 2251 DEB         
1 34908U 93036ADD 26274.07771561  .00000700  00000+0  23683-3 0  9991
2 34908  74.0576 206.0196 0040324 154.7374 218.9801 14.38228897914817
COSMOS 2251 DEB         
1 34949U 93036AEC 26273.32553481  .00001572  00000+0  22592-3 0  9998
2 34949  74.0145 259.3249 0078615 328.9104  30.7429 14.75309720926606
COSMOS 2251 DEB         
1 34968U 93036AEX 26273.74574857  .00000312  00000+0  68369-4 0  9999
2 34968  74.0390  50.2377 0085340  97.2852 263.8023 14.59763243927389
COSMOS 2251 DEB         
1 34998U 93036AFW 26273.18317253  .00000730  00000+0  19409-3 0  9999
2 34998  74.0111 331.9628 0019540  43.2509 346.9081 14.50269256916448
COSMOS 2251 DEB         
1 35025U 93036AGN 26273.56154808  .00001393  00000+0  20601-3 0  9990
2 35025  73.9366 210.4587 0080449  55.9543 304.9234 14.74084331929419
COSMOS 2251 DEB         
1 35045U 93036AHJ 26273.63054313  .00000559  00000+0  34005-3 0  9996
2 35045  73.7164 256.9536 0177993  95.3908 266.7558 14.00905991887306
COSMOS 2251 DEB         
1 35287U 93036AJR 26273.26605354  .00000129  00000+0  52694-4 0  9998
2 35287  74.0277 100.3474 0017340 132.5484  42.7746 14.36563412910785
COSMOS 2251 DEB         
1 35442U 93036AKL 26273.60490913  .00010462  00000+0  93352-3 0  9998
2 35442  74.0214 233.9409 0007199 234.2883 125.7632 14.96026204917023
COSMOS 2251 DEB         
1 35459U 93036ALD 26269.02864678  .00000492  00000+0  17192-3 0  9990
2 35459  73.8734  13.1131 0017785 262.2304  97.6830 14.37859010624909
COSMOS 2251 DEB         
1 35585U 93036AMC 26273.31305409  .00001172  00000+0  87502-3 0  9997
2 35585  73.9702 221.2443 0303547  73.5017  75.0030 13.76111335680739
COSMOS 2251 DEB         
1 35645U 93036ANL 26273.36754201  .00002696  00000+0  70942-3 0  9999
2 35645  73.9620 260.1506 0067832 345.2505  14.6673 14.48226357909908
COSMOS 2251 DEB         
1 35668U 93036APK 26273.64598329  .00000477  00000+0  91465-4 0  9991
2 35668  74.0468  19.8343 0080967  49.8926 310.9301 14.64665949919207
COSMOS 2251 DEB         
1 35706U 93036AQB 26273.37372887  .00000728  00000+0  59954-3 0  9998
2 35706  73.8859 300.6066 0346465 297.3018  59.3211 13.66622154660450
COSMOS 2251 DEB         
1 35771U 93036ARR 26273.09188192  .00003633  00000+0  14442-2 0  9993
2 35771  74.1582 155.8279 0201918  16.7023 344.0641 14.18520574869854
COSMOS 2251 DEB         
1 35825U 93036ASX 26271.00545244  .00000598  00000+0  43859-3 0  9999
2 35825  74.1130  26.6244 0351958  53.4525 309.8451 13.71864704864740
COSMOS 2251 DEB         
1 35883U 93036ATW 26271.20047122  .00000647  00000+0  16343-3 0  9990
2 35883  74.0213 245.2013 0084341 301.6715  70.8342 14.51099102665841
COSMOS 2251 DEB         
1 35902U 93036AUR 26263.18973666  .00001404  00000+0  54445-3 0  9998
2 35902  73.9803  83.1518 0101954 134.6239 226.3283 14.28062290651467
COSMOS 2251 DEB         
1 35982U 93036AVY 26273.89413567  .00000986  00000+0  18797-3 0  9998
2 35982  74.0559 146.9166 0063917 139.5150 221.0800 14.64118649904406
COSMOS 2251 DEB         
1 36008U 93036AXA 26271.89161823  .00003496  00000+0  12317-2 0  9991
2 36008  74.0009 103.5878 0162413 180.0938 180.0210 14.28037975647620
COSMOS 2251 DEB         
1 36060U 93036AXX 26273.72187156  .00000470  00000+0  14967-3 0  9993
2 36060  74.0289  52.8125 0014293  82.0538 278.2240 14.42527004892198
COSMOS 2251 DEB         
1 36379U 93036AZG 26273.84964841  .00000294  00000+0  10810-3 0  9990
2 36379  74.0107 129.5129 0046464 190.3150 182.3108 14.36460158690221
COSMOS 2251 DEB         
1 36453U 93036BBC 26271.47951587  .00001502  00000+0  34904-3 0  9996
2 36453  73.9235 321.2532 0066976 162.3267 263.0906 14.54510275886788
COSMOS 2251 DEB         
1 36551U 93036BDM 26273.85009227  .00008360  00000+0  44079-3 0  9997
2 36551  73.8963 126.7046 0031393  11.1155 349.0725 15.15276960713392
COSMOS 2251 DEB         
1 37089U 93036BFK 26272.81785727  .00003588  00000+0  71089-3 0  9993
2 37089  74.0355 313.9633 0129611 339.5370  20.0627 14.57417403703453
COSMOS 2251 DEB         
1 37270U 93036BHJ 26273.25122076  .00001204  00000+0  95426-3 0  9990
2 37270  73.9298 219.2857 0393022 177.5031 182.8176 13.61650292810351
COSMOS 2251 DEB         
1 37316U 93036BKG 26273.07637128  .00016743  00000+0  95643-3 0  9995
2 37316  74.0176 144.5269 0027371 151.3102 208.9604 15.12375743905237
COSMOS 2251 DEB         
1 37484U 93036BLM 26270.04346159  .00001400  00000+0  42244-3 0  9999
2 37484  73.8239  26.5687 0038331   5.8256 107.5895 14.43028756695362
COSMOS 2251 DEB         
1 37528U 93036BNH 26272.79628855  .00000587  00000+0  15432-3 0  9992
2 37528  74.0350 294.7557 0020060   3.6079 356.5222 14.51281900901521
COSMOS 2251 DEB         
1 37960U 93036BPK 26267.74289682  .00000281  00000+0  13444-3 0  9994
2 37960  74.0595  45.2407 0247004 355.5442   4.3494 14.08709187814321
COSMOS 2251 DEB         
1 37985U 93036BQL 26267.28153293  .00000068  00000+0  32501-4 0  9997
2 37985  74.0227 101.6068 0021085 161.1552 199.0386 14.35552312690142
COSMOS 2251 DEB         
1 38055U 93036BRM 26269.51902440  .00003598  00000+0  46680-3 0  9993
2 38055  74.0102   0.1221 0062161  54.9540 319.0628 14.79804668649366
COSMOS 2251 DEB         
1 38197U 93036BSM 26273.89313094  .00006117  00000+0  65417-3 0  9996
2 38197  73.9331 137.9639 0097343 303.2715  55.9165 14.85503699900775
COSMOS 2251 DEB         
1 38486U 93036BTW 26272.91493233  .00005150  00000+0  65594-3 0  9995
2 38486  73.9396 349.7628 0029101  58.8588  61.8203 14.81511000797365
COSMOS 2251 DEB         
1 39586U 93036BUR 26273.20615220  .00000552  00000+0  24957-3 0  9991
2 39586  74.0076  64.7414 0100269 132.6168  42.9801 14.21677457651132
COSMOS 2251 DEB         
1 40793U 93036BVW 26273.55688641  .00000501  00000+0  25900-3 0  9991
2 40793  73.9803  12.7282 0211321 105.2208 257.2401 14.06420769723478
COSMOS 2251 DEB         
1 40810U 93036BWP 26272.34575376  .00001708  00000+0  35933-3 0  9994
2 40810  74.0336 240.5078 0019613 309.6881  50.2554 14.60246551659239
COSMOS 2251 DEB         
1 47053U 93036BXH 26258.44354346  .00000439  00000+0  38508-3 0  9998
2 47053  74.0603 165.8997 0378198 278.2241 204.1965 13.60254609326507
