STARLINK-1008           
1 44714U 19074B   26273.72939090  .00026232  00000+0  25884-3 0  9994
2 44714  53.1458 276.8816 0002812  84.0638 276.0698 15.65768380380679
STARLINK-1221           
1 45227U 20012BB  26274.15840180  .00011721  00000+0  20326-3 0  9990
2 45227  53.0621   9.8595 0002059 296.8550  63.2248 15.51369249368496
STARLINK-1335           
1 45581U 20025BC  26274.04973791  .00050829  00000+0  95434-3 0  9994
2 45581  53.1474 189.6412 0006061 116.8112 243.3517 15.48119248357130
STARLINK-1555           
1 46032U 20055F   26273.22463443 -.00000840  00000+0 -15283-4 0  9991
2 46032  53.1583 255.5420 0001522  83.3391 276.7784 15.31713732340227
STARLINK-1871           
1 47157U 20088AM  26274.08109730  .00046929  00000+0  92357-3 0  9999
2 47157  53.1522  51.7992 0001390 313.7932  46.2960 15.46811072323514
STARLINK-2033           
1 47650U 21012AG  26272.92407172  .00263934  00000+0  25575-2 0  9991
2 47650  53.1555 158.7445 0001304  98.9821 261.1342 15.65019038311863
STARLINK-2407           
1 47822U 21018AM  26273.59144122  .00000323  00000+0  22153-4 0  9997
2 47822  53.1596  21.6932 0000951  78.2390 281.8718 15.31698504307952
STARLINK-2404           
1 48093U 21027B   26273.43607172  .00000742  00000+0  35689-4 0  9993
2 48093  53.1593 282.0622 0001289  82.6676 277.4472 15.31698822304037
STARLINK-2543           
1 48278U 21036C   26274.05164677  .00000305  00000+0  21580-4 0  9995
2 48278  53.1590 148.6539 0000982 102.8902 257.2210 15.31696422300585
STARLINK-2624           
1 48358U 21038F   26273.80774071  .00001466  00000+0  58997-4 0  9994
2 48358  53.1602 123.5235 0001349 101.0923 259.0230 15.31706365298503
STARLINK-2640           
1 48438U 21040L   26274.04777353  .00000421  00000+0  25318-4 0  9990
2 48438  53.1612 302.4923 0001202  77.5069 282.6067 15.31706149298141
STARLINK-2227           
1 48575U 21041Y   26273.54565540  .00025161  00000+0  74526-3 0  9992
2 48575  53.1582 214.3349 0004781  92.3560 267.7990 15.34732587297223
STARLINK-2648           
1 48679U 21044AT  26273.62249997  .00001418  00000+0  57435-4 0  9994
2 48679  53.1597 241.6862 0001247  88.8771 271.2373 15.31701102295190
STARLINK-3087           
1 49175U 21082AX  26274.00391022  .00000701  00000+0  67909-4 0  9999
2 49175  69.9984 118.3581 0002534 279.3990  80.6882 14.97528536277180
STARLINK-3132           
1 49457U 21104BB  26273.56886584  .00000638  00000+0  32323-4 0  9990
2 49457  53.1597   4.9708 0000657  84.3582 275.7494 15.31691929269895
STARLINK-3297           
1 50159U 21125D   26274.33335648  .00033320  00000+0  96219-3 0  9997
2 50159  53.1594  41.3981 0001155  99.5992 319.9645 15.35390443  5885
STARLINK-3336           
1 50818U 22001R   26274.06453075  .00000031  00000+0  12063-4 0  9997
2 50818  53.1592 312.6748 0001131  82.0267 278.0864 15.34391067261600
STARLINK-3400           
1 51128U 22005AA  26273.95617825  .00000069  00000+0  12886-4 0  9992
2 51128  53.1602  89.3122 0001090  87.9042 272.2085 15.35399541259828
STARLINK-3450           
1 51734U 22016W   26273.90377428  .00000329  00000+0  20885-4 0  9991
2 51734  53.1582 100.7407 0001067  82.8887 277.2237 15.34385738254761
STARLINK-3602           
1 51791U 22017Z   26273.96192235 -.00005350  00000+0 -15128-3 0  9996
2 51791  53.1589 131.0921 0001385  83.4862 276.6298 15.33580410255137
STARLINK-3577           
1 51884U 22022AJ  26274.02548197 -.00001024  00000+0 -19191-4 0  9994
2 51884  53.1586 140.8590 0001171  95.4798 264.6339 15.34388461254552
STARLINK-3538           
1 51996U 22025AS  26273.96252753 -.00000141  00000+0  70370-5 0  9998
2 51996  53.1591 161.0064 0001308  91.4049 268.7103 15.33551381252138
STARLINK-3786           
1 52263U 22041C   26273.95615994  .00000070  00000+0  13468-4 0  9997
2 52263  53.1592 258.8162 0001533  85.1468 274.9709 15.33547446245462
STARLINK-3880           
1 52334U 22045D   26273.98718721  .00000039  00000+0  12518-4 0  9995
2 52334  53.1620   2.5717 0001094  77.6087 282.5038 15.33552416246686
STARLINK-3899           
1 52457U 22049G   26273.89008467  .00000888  00000+0  36374-4 0  9992
2 52457  53.1612 221.4422 0001270  92.7632 267.3516 15.35399276243176
STARLINK-3937           
1 52542U 22051K   26273.70700323 -.00000095  00000+0  83314-5 0  9998
2 52542  53.1584 269.9401 0001408  87.5108 272.6056 15.34393671242658
STARLINK-3982           
1 52614U 22052S   26273.43100126  .00049226  00000+0  60224-3 0  9995
2 52614  53.2060 325.2401 0001366 330.5843  29.5094 15.59931050243382
STARLINK-4071           
1 52671U 22053R   26273.39140850  .00000772  00000+0  66617-4 0  9998
2 52671  53.1606 314.4579 0001269  81.9957 278.1178 15.08842691241942
STARLINK-4206           
1 52847U 22062T   26273.19943412 -.00001253  00000+0 -25973-4 0  9993
2 52847  53.1604 184.1354 0001473  88.8177 271.2994 15.34373672236823
STARLINK-4253           
1 53004U 22076U   26273.66050917  .00001643  00000+0  64661-4 0  9993
2 53004  53.1601 244.5148 0001419  85.6463 274.4700 15.31714881233916
STARLINK-4305           
1 53060U 22077T   26273.95116258  .00000003  00000+0  24058-5 0  9995
2 53060  97.2857  88.6370 0001429  88.3399 271.8007 15.33434641231894
STARLINK-4104           
1 53163U 22083AH  26273.82130181  .00000135  00000+0  15125-4 0  9993
2 53163  53.1596 315.3599 0001147  86.3060 273.8074 15.34391146232432
STARLINK-4363           
1 53220U 22084AH  26273.88590621  .00000325  00000+0  12399-4 0  9994
2 53220  97.2843 328.5344 0001064  93.1200 267.0165 15.33435173230807
STARLINK-4165           
1 53286U 22086AW  26273.87694069  .00000022  00000+0  12485-4 0  9998
2 53286  53.1608 327.5506 0001301  84.7534 275.3616 15.31698388232372
STARLINK-4538           
1 53430U 22097AU  26273.66249402 -.00000756  00000+0 -10761-4 0  9996
2 53430  53.1592 245.9855 0001214 112.0871 248.0261 15.35389919229951
STARLINK-4138           
1 53535U 22101J   26273.48284968 -.00000971  00000+0 -17616-4 0  9999
2 53535  53.1616 222.8979 0001132  90.5048 269.6085 15.34400900227246
STARLINK-4675           
1 53601U 22104P   26273.60631397 -.00000543  00000+0 -46695-5 0  9997
2 53601  53.1613  26.4175 0001259  80.9248 279.1897 15.35406073226792
STARLINK-4406           
1 53667U 22105V   26274.33335648  .00280752  00000+0  20894-2 0  9991
2 53667  97.5982 163.5268 0001544  98.9263  12.6083 15.71965420  5893
STARLINK-4641           
1 53730U 22107AG  26273.54137527 -.00001953  00000+0 -46680-4 0  9991
2 53730  53.1614  36.6404 0001242  84.7759 275.3386 15.34393764225729
STARLINK-4760           
1 53828U 22114L   26273.91923885  .00000145  00000+0  15067-4 0  9993
2 53828  53.1609  91.5996 0001079  98.3717 261.7409 15.35402331223961
STARLINK-5037           
1 53896U 22119L   26273.97949969  .00000344  00000+0  20767-4 0  9994
2 53896  53.1611 114.9971 0001384  89.6333 270.4828 15.35402030222774
STARLINK-5142           
1 53984U 22125W   26273.98709668  .00000265  00000+0  34718-4 0  9993
2 53984  53.1629  11.9076 0001065  84.2049 275.9064 15.08845996220451
STARLINK-5175           
1 54079U 22136AE  26274.33335648  .00030426  00000+0  96596-3 0  9997
2 54079  53.1606 127.6877 0000923  80.5634 353.6439 15.32431143  5810
STARLINK-5235           
1 54185U 22141AE  26274.05749353  .00000075  00000+0  13356-4 0  9993
2 54185  53.1594 144.4527 0001257  89.2541 270.8605 15.34394549217109
STARLINK-5446           
1 54789U 22175AH  26274.00002690  .00001370  00000+0  52966-4 0  9990
2 54789  53.1620 168.1835 0001114  90.9100 269.2030 15.33557607211389
STARLINK-5416           
1 54855U 22177AM  26273.80652013 -.00000197  00000+0  23715-5 0  9991
2 54855  43.0038  42.9311 0001139 271.7650  88.3072 15.27575325208469
STARLINK-5318           
1 55304U 23010AM  26273.57421654  .00000184  00000+0  23176-4 0  9992
2 55304  69.9996 227.6723 0003274 269.3471  90.7313 14.98331009203965
STARLINK-5635           
1 55367U 23013AN  26273.17289367 -.00000978  00000+0 -26030-4 0  9998
2 55367  43.0027 214.1128 0001642 263.1961  96.8704 15.27568688203111
STARLINK-5645           
1 55429U 23014AQ  26274.25003472  .00015156  00000+0  66583-3 0  9997
2 55429  70.0002 285.5051 0002534 281.5866 301.9127 15.21999601  5665
STARLINK-5373           
1 55490U 23015AT  26274.03831333  .00000616  00000+0  31918-4 0  9997
2 55490  43.0022 259.7713 0001392 281.3040  78.7655 15.27576288202006
STARLINK-5722           
1 55610U 23020AT  26274.05195624  .00009349  00000+0  34936-3 0  9999
2 55610  43.0013 274.7154 0000258 312.9614  47.1216 15.27528944200449
STARLINK-5459           
1 55669U 23021AT  26273.70521743  .00004123  00000+0  35324-3 0  9997
2 55669  70.0001   7.5497 0003414 272.7484  87.3284 14.98318792199989
STARLINK-5811           
1 55787U 23028AY  26274.25003472  .00102789  00000+0  46992-2 0  9999
2 55787  70.0012  45.6615 0003950 278.7885 314.9512 15.19994918  5728
STARLINK-5906           
1 55962U 23037BA  26273.93585579 -.00002394  00000+0 -19291-3 0  9997
2 55962  69.9983 107.0918 0002645 267.8509  92.2347 14.98338126195213
STARLINK-5782           
1 56034U 23042BA  26273.87894900  .00000321  00000+0  21208-4 0  9996
2 56034  43.0051 326.6676 0001922 285.0986  74.9653 15.27575487194415
STARLINK-5377           
1 56141U 23046BB  26273.50080521  .00000699  00000+0  34958-4 0  9999
2 56141  43.0045  70.2929 0001833 266.9936  93.0706 15.27563194193528
STARLINK-5955           
1 56342U 23058AB  26273.98703643  .00000698  00000+0  23962-4 0  9996
2 56342  97.2846 270.6146 0001745 100.5043 259.6397 15.33436996189248
STARLINK-6289           
1 56408U 23061AL  26273.97271677  .00003157  00000+0  12427-3 0  9995
2 56408  43.0017 107.3810 0000890 256.8835 103.1918 15.27559046188277
STARLINK-5545           
1 56476U 23064AE  26274.00002315  .00070636  00000+0  46086-2 0  9992
2 56476  69.9986 326.3917 0003218 266.6364  70.9627 15.07469634  5624
STARLINK-6280           
1 56531U 23065AE  26274.00737726 -.00000006  00000+0  93138-5 0  9994
2 56531  43.0016 118.8172 0001123 261.3593  98.7132 15.27574349188161
STARLINK-6342           
1 56770U 23078D   26274.25003472  .00077306  00000+0  36844-2 0  9998
2 56770  70.0007 205.5055 0001925 297.6027 104.5672 15.18691570  5725
STARLINK-30128          
1 56832U 23079K   26273.56146324  .00002150  00000+0  87556-4 0  9998
2 56832  43.0054   4.2293 0001462 279.4429  80.6257 15.27605587178114
STARLINK-5805           
1 56912U 23083AN  26273.52703243 -.00001157  00000+0 -32512-4 0  9997
2 56912  43.0027 354.0160 0001531 272.6612  87.4065 15.27583131183127
STARLINK-6248           
1 57082U 23088AL  26273.99943070 -.00000227  00000+0  12707-5 0  9997
2 57082  43.0053  16.3194 0001320 279.2610  80.8092 15.27575121181908
STARLINK-5355           
1 57139U 23090AQ  26273.45805185  .00001959  00000+0  80705-4 0  9992
2 57139  43.0009 186.6102 0000830 236.2575 123.8198 15.27565613181674
STARLINK-5513           
1 57251U 23094AK  26274.07694644  .00001073  00000+0  48535-4 0  9998
2 57251  43.0038 299.7724 0001726 272.4512  87.6142 15.27575632178657
STARLINK-5600           
1 57357U 23099AF  26273.10440383  .00000121  00000+0  13927-4 0  9992
2 57357  43.0033 167.1074 0001590 268.5634  91.5036 15.27573780177461
STARLINK-30196          
1 57448U 23105U   26273.15163743  .00000332  00000+0  21583-4 0  9999
2 57448  42.9983 188.3997 0001508 255.0153 105.0532 15.27577086176654
STARLINK-30268          
1 57531U 23115L   26274.04724006 -.00002288  00000+0 -73600-4 0  9998
2 57531  43.0022 282.2406 0001400 263.8956  96.1736 15.27591734173751
STARLINK-30301          
1 57666U 23124D   26274.02490571  .00051879  00000+0  14803-2 0  9998
2 57666  53.1591  31.0975 0002235 345.3270  14.7668 15.35559617174165
STARLINK-30362          
1 57745U 23131P   26273.88489815 -.00000226  00000+0  13044-5 0  9996
2 57745  43.0035  94.0220 0001176 265.2498  94.8219 15.27577416171291
STARLINK-30285          
1 57840U 23141A   26273.66860548  .00000566  00000+0  29999-4 0  9996
2 57840  53.1606  50.4211 0000929  46.7542 313.3537 15.31706394171731
STARLINK-30481          
1 57899U 23146J   26273.92870372 -.00000773  00000+0 -18569-4 0  9993
2 57899  43.0032 235.2280 0001062 276.9772  83.0959 15.27576729168441
STARLINK-30396          
1 57964U 23151A   26274.00806846 -.00000826  00000+0 -20508-4 0  9992
2 57964  43.0039 256.7882 0001084 281.3914  78.6816 15.27583471167161
STARLINK-30437          
1 58036U 23156J   26273.10561829 -.00000565  00000+0 -64365-5 0  9997
2 58036  53.1592 208.1170 0001450  88.3622 271.7546 15.31713581167570
STARLINK-30608          
1 58091U 23160S   26273.53764264  .00001344  00000+0  58360-4 0  9999
2 58091  43.0034   1.0999 0001369 262.1511  97.9185 15.27573445164276
STARLINK-30775          
1 58139U 23162X   26273.88848102  .00000458  00000+0  26145-4 0  9997
2 58139  43.0022  53.2827 0000931 266.2187  93.8558 15.27579602163698
STARLINK-30841          
1 58208U 23170C   26273.98342967 -.00000106  00000+0  56802-5 0  9997
2 58208  43.0006 115.0633 0001266 262.0242  98.0466 15.27575277161694
STARLINK-30858          
1 58358U 23177H   26274.02154680  .00000089  00000+0  12765-4 0  9997
2 58358  43.0008 270.7142 0001057 273.6456  86.4274 15.27574353159643
STARLINK-30922          
1 58414U 23180N   26273.87163192 -.00000352  00000+0 -32513-5 0  9993
2 58414  43.0033 333.9753 0001252 281.5714  78.4997 15.27578518159006
STARLINK-30953          
1 58491U 23186U   26273.50261779  .00002440  00000+0  98141-4 0  9990
2 58491  43.0035 190.8296 0001068 274.9753  85.0976 15.27580979159217
STARLINK-31046          
1 58552U 23192X   26274.02574886 -.00001314  00000+0 -27741-4 0  9998
2 58552  53.1595 184.6918 0001349  86.2256 273.8900 15.34405599157487
STARLINK-31126          
1 58675U 23211J   26273.56999806 -.00000285  00000+0 -83815-6 0  9999
2 58675  43.0043   7.7666 0001427 285.2725  74.7969 15.27581269153809
STARLINK-31181          
1 58746U 24005U   26273.49036660 -.00000203  00000+0  21322-5 0  9995
2 58746  43.0023 350.9141 0001289 270.2173  89.8531 15.27575409153603
STARLINK-31263          
1 58832U 24017G   26273.81762324  .00001106  00000+0  43880-4 0  9997
2 58832  53.1601 317.2240 0001139 101.4698 258.6432 15.34395499151779
STARLINK-31007          
1 58889U 24020P   26273.86270865 -.00000315  00000+0  18022-5 0  9995
2 58889  53.1599  85.1859 0001180  88.2602 271.8535 15.34384748149545
STARLINK-31468          
1 58998U 24036A   26274.07159896 -.00000668  00000+0 -86359-5 0  9997
2 58998  53.1588 202.3518 0001405  82.0427 278.0735 15.34384939146805
STARLINK-31257          
1 59079U 24041F   26273.94067259  .00001047  00000+0  47568-4 0  9998
2 59079  43.0025 231.4168 0001148 277.3216  82.7505 15.27577577145665
STARLINK-31563          
1 59190U 24045N   26274.00247358 -.00000354  00000+0 -33374-5 0  9997
2 59190  43.0053  12.8445 0001905 285.8036  74.2605 15.27579700144569
STARLINK-31424          
1 59247U 24049S   26273.72485717 -.00001423  00000+0 -42193-4 0  9991
2 59247  43.0025  62.1327 0001502 249.0759 110.9932 15.27590898143791
STARLINK-31611          
1 59325U 24057F   26273.93309882  .00000213  00000+0  17261-4 0  9990
2 59325  43.0039 108.3792 0001392 266.2201  93.8492 15.27581137141224
STARLINK-31705          
1 59382U 24062J   26273.98775167  .00000154  00000+0  15681-4 0  9995
2 59382  53.1612  18.5162 0000776  81.2138 278.8952 15.34392401141114
STARLINK-31696          
1 59435U 24065Q   26273.67592979 -.00000479  00000+0 -30481-5 0  9999
2 59435  53.1613  45.9948 0001216  70.0026 290.1107 15.34391200140363
STARLINK-31650          
1 59512U 24073B   26273.60518861 -.00002327  00000+0 -75051-4 0  9990
2 59512  42.9998 240.8633 0000960 277.5086  82.5656 15.27587208137515
STARLINK-31683          
1 59573U 24076K   26274.06549980  .00000064  00000+0  11860-4 0  9999
2 59573  43.0023 289.0247 0001380 270.4783  89.5910 15.27575033137919
STARLINK-31795          
1 59645U 24082Q   26273.30634986  .00000255  00000+0  18788-4 0  9991
2 59645  43.0031   5.6739 0001058 255.3866 104.6868 15.27576852136776
STARLINK-32087          
1 59702U 24086W   26273.87582269  .00002136  00000+0  87127-4 0  9990
2 59702  43.0011 341.0333 0000905 279.5767  80.4982 15.27575314135491
STARLINK-11105 [DTC]    
1 59758U 24091F   26274.02936383  .00000569  00000+0  95549-5 0  9991
2 59758  53.1595 274.0760 0000927  91.7765 268.3359 15.69709518137764
STARLINK-31899          
1 59850U 24097R   26273.51957168  .00000166  00000+0  15568-4 0  9992
2 59850  43.0034 197.5265 0001157 273.4594  86.6125 15.27574798133242
STARLINK-31861          
1 59906U 24100X   26273.37885061  .00000300  00000+0  20445-4 0  9995
2 59906  43.0006  42.2777 0001513 277.1594  82.9086 15.27578951132535
STARLINK-31990          
1 60024U 24111J   26273.50789146 -.00000087  00000+0  85746-5 0  9991
2 60024  53.1599 202.7404 0001234  94.7670 265.3474 15.34393625130419
STARLINK-32007          
1 60094U 24117D   26273.92203560 -.00000332  00000+0  13006-5 0  9994
2 60094  53.1601 160.6429 0001157  91.1024 269.0111 15.34393025128350
STARLINK-32127          
1 60146U 24120M   26273.66673206 -.00000193  00000+0  54119-5 0  9990
2 60146  53.1598  83.9594 0000785  99.8678 260.2413 15.34389917127812
STARLINK-32164          
1 60271U 24131S   26274.01781351  .00000019  00000+0  11696-4 0  9990
2 60271  53.1597 176.6916 0001115  87.0598 273.0533 15.34394018123084
STARLINK-32198          
1 60321U 24133W   26273.71278768  .00001156  00000+0  45353-4 0  9997
2 60321  53.1605  61.6750 0001111  89.9050 270.2080 15.34384967123166
STARLINK-11139 [DTC]    
1 60402U 24141E   26273.93625314  .00000156  00000+0  61443-5 0  9991
2 60402  53.1579 154.1473 0000737  80.6242 279.4859 15.69709400123986
STARLINK-31497          
1 60592U 24150K   26273.75650240  .00000173  00000+0  16268-4 0  9990
2 60592  53.1607  69.8612 0001182  79.3947 280.7189 15.34387219119503
STARLINK-32345          
1 60920U 24154T   26273.70170450  .00000161  00000+0  15915-4 0  9999
2 60920  53.1610  50.1341 0001093  75.3586 284.7538 15.34388038117757
STARLINK-11231 [DTC]    
1 61057U 24164H   26273.57515945 -.00003005  00000+0 -19984-4 0  9991
2 61057  53.1568  21.6109 0000619  41.8161 318.2904 15.69684006117590
STARLINK-32435          
1 61259U 24175S   26273.86173968 -.00002137  00000+0 -52138-4 0  9997
2 61259  53.1607 316.9760 0000993 102.9048 257.2065 15.34401663112929
STARLINK-11375 [DTC]    
1 61577U 24187D   26273.52243013 -.00000488  00000+0  82488-6 0  9994
2 61577  53.1586   6.3521 0000967  52.4770 307.6336 15.69709375112925
STARLINK-32449          
1 61670U 24193K   26273.26707414  .00000952  00000+0  42415-4 0  9995
2 61670  53.1587 219.6828 0001321  83.6087 276.5065 15.31713078107865
STARLINK-32528          
1 61724U 24196T   26273.58633294  .00000873  00000+0  36992-4 0  9992
2 61724  53.1607 226.3230 0001429  98.8481 261.2684 15.34385033107378
STARLINK-32434          
1 61913U 24207B   26273.77517413  .00014761  00000+0  54445-3 0  9993
2 61913  42.9979 203.8391 0000979  55.1692 304.9251 15.27604185106089
STARLINK-32498          
1 61966U 24210H   26273.76777691  .00002667  00000+0  10641-3 0  9992
2 61966  42.9997  86.9685 0001417 270.2694  89.7995 15.27582981106445
STARLINK-32618          
1 62045U 24216P   26274.00139896  .00013742  00000+0  50781-3 0  9999
2 62045  43.0002 176.9770 0001026 286.4705  73.6034 15.27589336105273
STARLINK-33559          
1 62107U 24220V   26273.96032089  .00001004  00000+0  45997-4 0  9995
2 62107  43.0001 126.3702 0001311 266.3425  93.7277 15.27571165104584
STARLINK-32484          
1 62160U 24224X   26273.52517894  .00010914  00000+0  40549-3 0  9999
2 62160  43.0030  81.5799 0001371 260.9509  99.1187 15.27585273103801
STARLINK-11490 [DTC]    
1 62219U 24231B   26273.97916374  .00096928  00000+0  79560-3 0  9991
2 62219  53.1574 169.3298 0000987  94.7862 265.3268 15.69709638105658
STARLINK-32706          
1 62308U 24239H   26273.53405567  .00014345  00000+0  43496-3 0  9999
2 62308  53.1597 319.0979 0001354  73.3339 286.7812 15.34393555100794
STARLINK-32723          
1 62449U 24251T   26273.89271000  .00015024  00000+0  45501-3 0  9995
2 62449  53.1572  98.7699 0000763 139.5676 220.5384 15.34392737 99254
STARLINK-32701          
1 62510U 25003Z   26273.56008900  .00004208  00000+0  16233-3 0  9993
2 62510  43.0010 211.9894 0001384 291.9489  68.1216 15.27587806 97881
STARLINK-11413 [DTC]    
1 62593U 25008G   26273.44387832  .00127713  00000+0  98315-3 0  9998
2 62593  43.0006 332.2521 0000419 204.5530 155.5317 15.70850355 99386
STARLINK-33600          
1 62772U 25015Q   26273.87390697  .00008521  00000+0  28599-3 0  9997
2 62772  53.1586  88.1232 0001079 114.6455 245.4659 15.31706098 95910
STARLINK-32794          
1 62844U 25019R   26273.97609890  .00011037  00000+0  40994-3 0  9999
2 62844  43.0068   9.9039 0001837 268.4560  91.6081 15.27584971 93643
STARLINK-32661          
1 62899U 25024W   26273.91837845  .00012137  00000+0  44969-3 0  9990
2 62899  43.0000 246.2830 0000805 228.4787 131.5995 15.27590443 93655
STARLINK-11582 [DTC]    
1 62985U 25031E   26273.88258934  .00121646  00000+0  93741-3 0  9994
2 62985  42.9994 204.6490 0001661 216.4626 143.6128 15.70847033 95013
STARLINK-32811          
1 63039U 25034L   26273.62695724  .00018241  00000+0  54975-3 0  9994
2 63039  53.1598  22.6656 0001219  58.9083 301.2039 15.34396062 90519
STARLINK-32903          
1 63090U 25037P   26274.06092203  .00170774  00000+0  56904-2 0  9999
2 63090  70.0005 193.1001 0003257 272.6702  87.4101 15.30261514 89310
STARLINK-32876          
1 63151U 25043V   26274.04274320  .00006897  00000+0  25971-3 0  9999
2 63151  43.0014 296.0493 0000970 267.1681  92.9060 15.27608302 88770
STARLINK-11589 [DTC]    
1 63311U 25057E   26274.00002315 -.00028365  00000+0 -21828-3 0  9994
2 63311  43.0007 107.4052 0001758 277.0344  58.7500 15.70841525  6017
STARLINK-33676          
1 63403U 25065E   26273.62373749  .00007992  00000+0  29953-3 0  9992
2 63403  43.0047  29.5758 0001975 279.7585  80.3043 15.27590676 84184
STARLINK-33756          
1 63458U 25069AB  26273.94070110  .00002798  00000+0  93942-4 0  9996
2 63458  53.1585 260.9768 0001764  69.6220 290.4972 15.34391012 84943
STARLINK-33750          
1 63513U 25071W   26273.99171348  .00013652  00000+0  45080-3 0  9991
2 63513  53.1578 264.7794 0001265  89.3755 270.7392 15.31706890 84203
STARLINK-33702          
1 63591U 25076Y   26273.94059021  .00005421  00000+0  20632-3 0  9991
2 63591  42.9979 242.2988 0000797 261.5134  98.5627 15.27587692 83220
STARLINK-33886          
1 63681U 25085T   26273.40117336  .00009252  00000+0  34515-3 0  9997
2 63681  42.9994 314.3144 0000858 271.5175  88.5578 15.27593417 80184
STARLINK-33808          
1 63767U 25089S   26273.51992223  .00006391  00000+0  24150-3 0  9999
2 63767  43.0016 328.4659 0001261 274.6022  85.4686 15.27589389 80287
STARLINK-33794          
1 63820U 25092S   26273.87976213  .00002845  00000+0  11282-3 0  9995
2 63820  43.0068  93.9221 0002132 273.2984  86.7624 15.27594083 79992
STARLINK-34059          
1 63872U 25094J   26273.87078458  .00001970  00000+0  72971-4 0  9999
2 63872  70.0011  73.2892 0003096 272.0505  88.0316 15.29575289 78034
STARLINK-33994          
1 63931U 25098F   26273.91168101  .00005001  00000+0  17828-3 0  9997
2 63931  69.9997 113.3988 0003072 269.2943  90.7880 15.29584547 77403
STARLINK-33871          
1 63994U 25101A   26274.01691089  .00007253  00000+0  27283-3 0  9996
2 63994  43.0017 278.7043 0001694 268.8443  91.2215 15.27579762 78381
STARLINK-34049          
1 64042U 25102W   26273.51811232  .00006381  00000+0  22620-3 0  9991
2 64042  69.9995 314.4138 0003662 273.7894  86.2863 15.29581992 76722
STARLINK-34080          
1 64116U 25110W   26274.07092682  .00022086  00000+0  72053-3 0  9999
2 64116  53.1588 150.9130 0001376  95.7952 264.3207 15.31737213 77341
STARLINK-34313          
1 64166U 25112W   26274.06868905  .00007104  00000+0  22215-3 0  9993
2 64166  97.2839 320.9303 0000995  95.4596 264.6760 15.33444857 74369
STARLINK-34326          
1 64221U 25117U   26273.83857496  .00019426  00000+0  58451-3 0  9998
2 64221  53.1584 163.2550 0001169  76.1298 283.9834 15.34404313 76014
STARLINK-34334          
1 64273U 25120T   26273.89844479 -.00001878  00000+0 -44461-4 0  9993
2 64273  53.1584 240.7472 0001456  87.9721 272.1449 15.34390489 75373
STARLINK-34050          
1 64331U 25124Q   26273.63479109  .00005132  00000+0  19585-3 0  9991
2 64331  43.0024  44.3236 0001532 265.8333  94.2343 15.27585559 74182
STARLINK-34299          
1 64383U 25127P   26273.94425755  .00006954  00000+0  26202-3 0  9990
2 64383  42.9996 100.9968 0001463 271.8081  88.2603 15.27575909 73804
STARLINK-34392          
1 64451U 25130P   26273.26693818  .00012599  00000+0  38353-3 0  9994
2 64451  53.1576 216.2457 0001257  79.4852 280.6293 15.34387270 72050
STARLINK-34508          
1 64601U 25137H   26273.78820612  .00016721  00000+0  50494-3 0  9990
2 64601  53.1595 101.3547 0000999  87.3404 272.7713 15.34397183 72159
STARLINK-34535          
1 64698U 25142C   26273.80396724  .00005179  00000+0  18445-3 0  9992
2 64698  70.0006 153.7355 0002898 272.1399  87.9444 15.29585883 70284
STARLINK-34595          
1 64749U 25144AB  26273.49394617  .00023639  00000+0  70751-3 0  9994
2 64749  53.1599 308.6561 0001293  84.6126 275.5024 15.34446055 71083
STARLINK-34696          
1 64808U 25150U   26273.89887504  .00001361  00000+0  12184-3 0  9997
2 64808  70.0017 337.1108 0003872 266.6921  93.3796 14.98333340 67253
STARLINK-34699          
1 64921U 25157T   26273.95582126  .00011197  00000+0  34203-3 0  9993
2 64921  53.1573 108.4894 0000941  92.6166 267.4944 15.34399896 67608
STARLINK-34807          
1 65028U 25161P   26273.69700987  .00011767  00000+0  35898-3 0  9999
2 65028  53.1589  57.9746 0001086  85.5130 274.5997 15.34389415 66771
STARLINK-34768          
1 65095U 25167T   26274.04071669  .00004596  00000+0  14710-3 0  9999
2 65095  53.1573 144.7484 0001060  84.9199 275.1925 15.34394758 65034
STARLINK-34847          
1 65211U 25176P   26273.74220933  .00010654  00000+0  32616-3 0  9992
2 65211  53.1596 277.5354 0001160  85.3201 274.7934 15.34385597 64552
STARLINK-35015          
1 65283U 25184L   26273.71398290  .00002216  00000+0  70973-4 0  9993
2 65283  97.2842 321.5896 0001304 100.7350 259.4039 15.33439548 62292
STARLINK-34860          
1 65357U 25190G   26274.01605087 -.00004366  00000+0 -11829-3 0  9995
2 65357  53.1573 290.7674 0000405  90.6360 269.4689 15.34372684 60777
STARLINK-35035          
1 65407U 25192D   26273.50433098  .00016805  00000+0  50739-3 0  9999
2 65407  53.1610 358.7859 0001159  76.5713 283.5419 15.34400741 60782
STARLINK-34867          
1 65459U 25195B   26273.99249998  .00010217  00000+0  31326-3 0  9998
2 65459  53.1591  20.5192 0001099  85.9204 274.1924 15.34386022 61483
STARLINK-35019          
1 65513U 25198X   26274.03673032  .00013965  00000+0  42368-3 0  9999
2 65513  53.1599  32.6404 0000593  80.7766 279.3303 15.34398144 60122
STARLINK-35178          
1 65610U 25207U   26273.90431827 -.00002324  00000+0 -69749-4 0  9999
2 65610  97.2845 336.3030 0000907  66.5288 293.6050 15.33421892 59180
STARLINK-35181          
1 65666U 25211Q   26274.04630720  .00005657  00000+0  17739-3 0  9995
2 65666  97.2842 314.1872 0001024 103.8221 256.3136 15.33450143 58146
STARLINK-34808          
1 65745U 25216M   26273.89643883  .00008516  00000+0  26288-3 0  9990
2 65745  53.1579  97.4552 0001093  82.1555 277.9571 15.34401107 57961
STARLINK-35368          
1 65830U 25221H   26273.26902476  .00022906  00000+0  68746-3 0  9992
2 65830  53.1567 216.0956 0001028  70.3003 289.8110 15.34379030 57392
STARLINK-35367          
1 65883U 25224B   26273.97969987  .00000018  00000+0  11670-4 0  9996
2 65883  53.1560 132.9422 0001017  85.4832 274.6286 15.34379993 56328
STARLINK-35526          
1 65931U 25225X   26273.34993964  .00006084  00000+0  19110-3 0  9999
2 65931  53.1570 293.5527 0001011  77.6211 282.4905 15.34390807 55760
STARLINK-35299          
1 66072U 25235Q   26273.56742973  .00003540  00000+0  11600-3 0  9993
2 66072  53.1590  10.4808 0001089  70.8739 289.2381 15.34357650 54336
STARLINK-35553          
1 66120U 25237G   26273.91418783  .00012464  00000+0  37972-3 0  9992
2 66120  53.1565 162.6715 0001219  80.5111 279.6030 15.34373662 54083
STARLINK-35634          
1 66173U 25240AD  26273.45841645  .00007834  00000+0  24273-3 0  9995
2 66173  53.1582 187.1182 0001193  98.9422 261.1716 15.34402964 53409
STARLINK-34882          
1 66227U 25244X   26273.52844701  .00016286  00000+0  49207-3 0  9998
2 66227  53.1578 354.7369 0001077  44.7096 315.3994 15.34400780 53077
STARLINK-35708          
1 66277U 25247N   26273.40057164  .00012840  00000+0  39064-3 0  9994
2 66277  53.1587 315.7735 0001014  92.7949 267.3170 15.34387803 52494
STARLINK-35850          
1 66352U 25254E   26273.53372315  .00021296  00000+0  63981-3 0  9998
2 66352  53.1557 358.4593 0000986  66.0592 294.0514 15.34391039 50376
STARLINK-35683          
1 66405U 25257AB  26273.88928341  .00010563  00000+0  32333-3 0  9996
2 66405  53.1595 339.4086 0000969  85.3263 274.7850 15.34398745 51148
STARLINK-35567          
1 66472U 25262S   26273.89887573  .00014523  00000+0  53607-3 0  9995
2 66472  43.0025 216.9844 0000879 269.0769  90.9982 15.27589717 50293
STARLINK-35946          
1 66522U 25265G   26273.50120335  .00001372  00000+0  59354-4 0  9992
2 66522  42.9986 201.5289 0000635 313.9057  46.1742 15.27592341 48432
STARLINK-35941          
1 66583U 25268AC  26274.06944494  .00004561  00000+0  17514-3 0  9998
2 66583  43.0015 266.8607 0001030 268.3815  91.6919 15.27584247 49378
STARLINK-35967          
1 66634U 25271T   26273.70958594  .00012072  00000+0  36787-3 0  9994
2 66634  53.1582 262.1380 0001326  88.6408 271.4746 15.34398158 48986
STARLINK-35881          
1 66830U 25280K   26273.92206723 -.00000025  00000+0  57083-5 0  9996
2 66830  70.0008 177.1591 0001820 258.1698 101.9257 14.98338924 46816
STARLINK-35844          
1 66880U 25283C   26273.92410924  .00012007  00000+0  36580-3 0  9993
2 66880  53.1580 148.9485 0002141  91.2280 268.8968 15.34412028 47290
STARLINK-36089          
1 66947U 25286Y   26273.84668874  .00007158  00000+0  22276-3 0  9998
2 66947  53.1596 121.5155 0001662  91.4593 268.6600 15.34402549 46880
STARLINK-35498          
1 67017U 25293Q   26274.06947739  .00002001  00000+0  17546-3 0  9996
2 67017  69.9996 296.5428 0003880 270.2683  89.8032 14.98332946 45653
STARLINK-35864          
1 67081U 25298G   26273.93087939  .00004952  00000+0  42257-3 0  9998
2 67081  70.0004 216.8460 0003017 266.2309  93.8505 14.98328299 43968
STARLINK-36194          
1 67130U 25299AE  26273.91607940  .00011037  00000+0  40985-3 0  9990
2 67130  43.0011  89.9187 0001726 273.4803  86.5852 15.27590556 44505
STARLINK-36173          
1 67210U 25304U   26273.70322888  .00002685  00000+0  23271-3 0  9996
2 67210  70.0016  17.5515 0003131 267.4834  92.5967 14.98337024 44599
STARLINK-35676          
1 67345U 26003M   26274.05237270  .00009107  00000+0  33993-3 0  9999
2 67345  42.9999 147.0984 0001639 269.1788  90.8876 15.27592305 40238
STARLINK-36539          
1 67446U 26008B   26273.45900990  .00008203  00000+0  30715-3 0  9990
2 67446  43.0049 129.2631 0001575 255.0276 105.0401 15.27596328 40887
STARLINK-36530          
1 67514U 26012X   26273.95309882  .00011834  00000+0  43883-3 0  9993
2 67514  43.0026 235.2352 0001454 275.6589  84.4097 15.27583990 39157
STARLINK-36591          
1 67576U 26016R   26273.88969385  .00008880  00000+0  27725-3 0  9991
2 67576  97.2838 332.4190 0000604  70.0871 290.0437 15.33424866 38317
STARLINK-36633          
1 67632U 26020R   26273.69408356  .00013365  00000+0  49434-3 0  9999
2 67632  43.0017  62.2585 0001567 278.8192  81.2482 15.27579432 37465
STARLINK-36630          
1 67703U 26025L   26273.85317697  .00008795  00000+0  27444-3 0  9996
2 67703  97.2847  23.6230 0001305  88.1964 271.9428 15.33445945 37458
STARLINK-36389          
1 67806U 26032K   26273.94072289  .00006994  00000+0  21875-3 0  9994
2 67806  97.2855 100.1748 0001432  94.0371 266.1036 15.33449246 36419
STARLINK-36838          
1 67855U 26034F   26273.89121441  .00010438  00000+0  34758-3 0  9991
2 67855  53.1604 329.6353 0001184  78.6283 281.4851 15.31706432 35471
STARLINK-36257          
1 67903U 26035AA  26273.76397634  .00005789  00000+0  18148-3 0  9999
2 67903  97.2857 205.4349 0002221 105.1739 254.9750 15.33447473 35411
STARLINK-36824          
1 67953U 26037X   26273.97878575  .00003478  00000+0  13584-3 0  9999
2 67953  42.9978 111.6628 0001327 267.1791  92.8909 15.27584043 34735
STARLINK-36903          
1 68001U 26039R   26273.18494405  .00007148  00000+0  26913-3 0  9993
2 68001  43.0009 334.4602 0001988 273.0135  87.0489 15.27564652 32972
STARLINK-36945          
1 68050U 26041L   26273.12586095  .00015933  00000+0  48156-3 0  9995
2 68050  53.1590 174.9394 0001148  85.1981 274.9153 15.34408275 32765
STARLINK-37022          
1 68101U 26044A   26273.88282262  .00009152  00000+0  28546-3 0  9994
2 68101  97.2857 232.6073 0001553 104.3154 255.8262 15.33444846 33021
STARLINK-36273          
1 68166U 26049AA  26273.79362228  .00005239  00000+0  16450-3 0  9994
2 68166  97.2840 294.4421 0001138 103.2141 256.9229 15.33440469 31132
STARLINK-37050          
1 68228U 26053X   26273.91948408  .00007023  00000+0  21964-3 0  9991
2 68228  97.2841 147.6034 0001731  90.5083 269.6358 15.33446422 31659
STARLINK-36989          
1 68277U 26055R   26273.87002992  .00019783  00000+0  59536-3 0  9993
2 68277  53.1598  81.3321 0000922  83.4698 276.6410 15.34385028 31416
STARLINK-36932          
1 68331U 26059L   26273.95533249  .00015896  00000+0  48060-3 0  9992
2 68331  53.1579 106.9367 0001013  87.5723 272.5396 15.34400365 29716
STARLINK-37286          
1 68512U 26068E   26273.92899302  .00009834  00000+0  30184-3 0  9998
2 68512  53.1584 244.7782 0001852 128.6863 231.4305 15.34397356 28525
STARLINK-37212          
1 68566U 26070AA  26273.99901375  .00006504  00000+0  20348-3 0  9993
2 68566  53.1585 124.3113 0001166  87.5567 272.5569 15.34396265 28052
STARLINK-37306          
1 68680U 26077U   26273.92386992  .00005810  00000+0  18211-3 0  9997
2 68680  97.2844 143.7209 0002027  91.1819 268.9656 15.33450308 26619
STARLINK-36314          
1 68741U 26082P   26273.88369860  .00006157  00000+0  19284-3 0  9997
2 68741  97.2842 135.8393 0001863  88.2595 271.8861 15.33450549 25893
STARLINK-37426          
1 68813U 26089M   26274.04114922  .00009907  00000+0  30876-3 0  9996
2 68813  97.2851 119.6446 0001668  91.8839 268.2594 15.33449319 24879
STARLINK-37541          
1 68906U 26097M   26273.98089724  .00007214  00000+0  22554-3 0  9994
2 68906  97.2853 107.9082 0001406  88.4912 271.6492 15.33447588 23694
STARLINK-37240          
1 69031U 26101G   26274.02150473  .00006822  00000+0  21344-3 0  9996
2 69031  97.2845 127.3926 0001820  93.5625 266.5826 15.33444837 22794
STARLINK-37329          
1 69155U 26111H   26273.58171891  .00010046  00000+0  30810-3 0  9992
2 69155  53.1579  18.7923 0000790  71.6316 288.4772 15.34395131 20441
STARLINK-37682          
1 69209U 26114AD  26273.74904533  .00013076  00000+0  39740-3 0  9997
2 69209  53.1603  65.5059 0001196  68.8896 291.2235 15.34404141 21024
STARLINK-37478          
1 69260U 26117Y   26273.92328070  .00009295  00000+0  28590-3 0  9992
2 69260  53.1578 105.2806 0001131  88.9030 271.2103 15.34400046 19261
STARLINK-37744          
1 69347U 26122U   26274.01868229  .00008350  00000+0  26067-3 0  9998
2 69347  97.2831 302.5195 0001145 102.6872 257.4499 15.33445825 18417
STARLINK-37872          
1 69433U 26126P   26273.61848162  .00005596  00000+0  17551-3 0  9994
2 69433  97.2840 134.6894 0001962  89.7153 270.4315 15.33447228 19071
STARLINK-37879          
1 69490U 26131N   26273.78002726  .00004580  00000+0  14413-3 0  9995
2 69490  97.2836 294.5085 0001105  96.8259 263.3109 15.33441327 18471
STARLINK-37859          
1 69553U 26135H   26274.03895596  .00012858  00000+0  39979-3 0  9994
2 69553  97.2837 301.5493 0001266 106.4624 253.6758 15.33456882 16614
STARLINK-37957          
1 69685U 26145J   26274.01543987  .00007191  00000+0  22488-3 0  9994
2 69685  97.2848 120.5150 0001927  88.3290 271.8173 15.33442350 15158
STARLINK-38067          
1 69747U 26150J   26273.99703921  .00008032  00000+0  25081-3 0  9998
2 69747  97.2849 112.7583 0001715  95.0569 265.0869 15.33449295 15343
STARLINK-37904          
1 69947U 26157E   26273.33625120  .00004680  00000+0  14961-3 0  9999
2 69947  53.1580 287.6886 0001346  92.9368 267.1788 15.34387923 12888
