ONEWEB-0012             
1 44057U 19010A   26273.81295436  .00000115  00000+0  26618-3 0  9991
2 44057  87.9162 207.8159 0002459  75.5677 284.5727 13.16594990365460
ONEWEB-0020             
1 45133U 20008C   26274.02979812  .00000264  00000+0  71964-3 0  9996
2 45133  87.8913  15.2063 0001781 101.7291 258.4036 13.10375751322209
ONEWEB-0033             
1 45142U 20008M   26274.03658145  .00000650  00000+0  18250-2 0  9997
2 45142  87.8909  15.2085 0001244 102.9691 257.1575 13.10374701322072
ONEWEB-0045             
1 45151U 20008W   26273.98728179  .00000223  00000+0  59268-3 0  9996
2 45151  87.8974   0.0399 0001889  98.4243 261.7099 13.11418949324271
ONEWEB-0056             
1 45159U 20008AE  26274.03814030  .00000560  00000+0  15676-2 0  9991
2 45159  87.8926  15.2027 0001700 110.4100 249.7210 13.10373509322046
ONEWEB-0080             
1 45426U 20020C   26273.77888738  .00000464  00000+0  12727-2 0  9995
2 45426  87.8978   0.0932 0001504 100.6734 259.4564 13.11414635316548
ONEWEB-0018             
1 45434U 20020L   26274.04138011 -.00000540  00000+0 -15606-2 0  9993
2 45434  87.8972   0.0316 0001909  88.4161 271.7185 13.11417871316500
ONEWEB-0098             
1 45442U 20020U   26273.78974600  .00000058  00000+0  12689-3 0  9995
2 45442  87.8959   0.0830 0001745 100.4246 259.7079 13.11413550316487
ONEWEB-0087             
1 45451U 20020AD  26273.77865475  .00000499  00000+0  13716-2 0  9993
2 45451  87.8970   0.0698 0001956  93.5947 266.5405 13.11420929316427
ONEWEB-0109             
1 47259U 20100B   26273.88335498 -.00000389  00000+0 -11158-2 0  9997
2 47259  87.8966 329.6799 0001718 101.2917 258.8404 13.12445514278420
ONEWEB-0121             
1 47267U 20100K   26273.88169009 -.00000399  00000+0 -11435-2 0  9998
2 47267  87.8967 329.6781 0002102  91.8532 268.2838 13.12443693278507
ONEWEB-0129             
1 47275U 20100T   26273.90372230  .00000187  00000+0  48521-3 0  9992
2 47275  87.8964 329.6726 0001229 133.2078 226.9154 13.12444099278544
ONEWEB-0137             
1 47283U 20100AB  26273.96640343 -.00000264  00000+0 -77002-3 0  9994
2 47283  87.8958 329.6659 0001980 100.8998 259.2353 13.12444063278446
ONEWEB-0145             
1 47291U 20100AK  26273.84950944  .00000349  00000+0  93426-3 0  9991
2 47291  87.8958 329.6888 0001676 100.3547 259.7770 13.12441214278629
ONEWEB-0150             
1 48047U 21025F   26273.83743471  .00000346  00000+0  91301-3 0  9999
2 48047  87.8904 299.1957 0001972  98.0953 262.0400 13.13470146267410
ONEWEB-0162             
1 48056U 21025Q   26274.01673475 -.00000178  00000+0 -52262-3 0  9994
2 48056  87.8902 299.1617 0001974  96.9486 263.1867 13.13469641267430
ONEWEB-0167             
1 48064U 21025Y   26273.55386519 -.00000214  00000+0 -62168-3 0  9998
2 48064  87.8893 299.2584 0001207  89.5901 270.5367 13.13470424267406
ONEWEB-0174             
1 48072U 21025AG  26274.01856288 -.00000222  00000+0 -64421-3 0  9997
2 48072  87.8906 299.1622 0001898  97.9213 262.2132 13.13469013267722
ONEWEB-0179             
1 48212U 21031C   26273.91978567  .00005593  00000+0  51871-3 0  9992
2 48212  87.8945 260.7878 0347676 262.5479  93.6110 14.57998272264282
ONEWEB-0185             
1 48220U 21031L   26273.94523120 -.00000178  00000+0 -51428-3 0  9999
2 48220  87.8898 268.6043 0002010 102.4565 257.6790 13.14501804262149
ONEWEB-0182             
1 48228U 21031U   26273.98497350  .00000178  00000+0  44454-3 0  9995
2 48228  87.8897 268.5985 0002058  89.7548 270.3817 13.14501718262337
ONEWEB-0197             
1 48236U 21031AC  26273.95438430 -.00000046  00000+0 -15946-3 0  9995
2 48236  87.8892 268.5830 0002059  89.8017 270.3348 13.14505418262085
ONEWEB-0217             
1 48245U 21031AM  26273.94438407 -.00000173  00000+0 -50069-3 0  9994
2 48245  87.8900 268.6059 0001554  86.8865 273.2443 13.14504203262074
ONEWEB-0243             
1 48774U 21045H   26273.86067381 -.00000128  00000+0 -37399-3 0  9997
2 48774  87.9001 238.1466 0002178  66.9286 293.2074 13.15548276258253
ONEWEB-0231             
1 48782U 21045R   26273.84324527 -.00000073  00000+0 -22731-3 0  9995
2 48782  87.9010 238.1347 0001805  74.6155 285.5174 13.15547785258234
ONEWEB-0213             
1 48790U 21045Z   26273.87650470  .00000048  00000+0  93901-4 0  9994
2 48790  87.9011 238.1280 0001938  72.0506 288.0836 13.15548946258333
ONEWEB-0248             
1 48798U 21045AH  26273.90819097  .00000074  00000+0  16120-3 0  9994
2 48798  87.9013 238.1181 0001584  69.7751 290.3549 13.15549656258319
ONEWEB-0253             
1 48971U 21060E   26274.08845621  .00000010  00000+0 -78517-5 0  9997
2 48971  87.9170 207.7571 0001802  75.0375 285.0955 13.16594529253526
ONEWEB-0261             
1 48979U 21060N   26274.07497077 -.00000235  00000+0 -64716-3 0  9996
2 48979  87.9159 207.7632 0001894  64.9597 295.1731 13.16592671253590
ONEWEB-0270             
1 48988U 21060X   26273.81929527  .00000066  00000+0  13918-3 0  9995
2 48988  87.9163 207.8135 0001630  67.2550 292.8753 13.16594334253560
ONEWEB-0279             
1 48997U 21060AG  26274.06154005  .00000071  00000+0  15339-3 0  9999
2 48997  87.9174 207.7596 0001970  67.3200 292.8139 13.16593942253553
ONEWEB-0287             
1 49077U 21075C   26273.94574731  .00000031  00000+0  47749-4 0  9990
2 49077  87.9188 344.8676 0002215 107.4296 252.7078 13.17649775247551
ONEWEB-0296             
1 49085U 21075L   26273.89864016 -.00000039  00000+0 -14448-3 0  9990
2 49085  87.8958 329.6804 0001904 108.4030 251.7306 13.12444512248448
ONEWEB-0305             
1 49093U 21075U   26274.01661146 -.00000036  00000+0 -12685-3 0  9991
2 49093  87.9191 344.8505 0002191 108.1748 251.9623 13.17647118247542
ONEWEB-0315             
1 49101U 21075AC  26273.94945937 -.00000374  00000+0 -10741-2 0  9990
2 49101  87.8965 329.6516 0002253 100.6978 259.4405 13.12442759249041
ONEWEB-0292             
1 49186U 21083A   26274.05243247  .00000268  00000+0  69998-3 0  9999
2 49186  87.8893 299.1652 0002012  95.1533 264.9826 13.13469906244827
ONEWEB-0325             
1 49194U 21083J   26273.83455044  .00000104  00000+0  23035-3 0  9994
2 49194  87.9140 314.4592 0002005  93.3028 266.8334 13.18684748243931
ONEWEB-0337             
1 49203U 21083T   26273.85083960 -.00001123  00000+0 -31113-2 0  9990
2 49203  87.8896 299.2011 0001701  96.8405 263.2918 13.13476408244784
ONEWEB-0345             
1 49211U 21083AB  26274.07443202  .00000231  00000+0  59637-3 0  9992
2 49211  87.8897 299.1518 0001699 102.8330 257.2989 13.13469409244803
ONEWEB-0357             
1 49219U 21083AK  26273.96256993  .00000005  00000+0 -19585-4 0  9995
2 49219  87.9154 253.3289 0001752  88.3514 271.7820 13.20770037250775
ONEWEB-0360             
1 49286U 21090H   26273.92384409 -.00000029  00000+0 -10425-3 0  9997
2 49286  87.9152 253.3445 0001889  86.8822 273.2527 13.20772791243803
ONEWEB-0368             
1 49294U 21090R   26273.89354991  .00000059  00000+0  11318-3 0  9998
2 49294  87.9154 253.3555 0002421  69.9106 290.2288 13.20772475244933
ONEWEB-0376             
1 49302U 21090Z   26274.02852482 -.00000057  00000+0 -17468-3 0  9994
2 49302  87.9097 283.8743 0001793  85.4472 274.6866 13.19723632240412
ONEWEB-0384             
1 49310U 21090AH  26273.96280728  .00000021  00000+0  20729-4 0  9997
2 49310  87.9153 253.3736 0002503  81.6238 278.5179 13.20818169243792
ONEWEB-0393             
1 50473U 21132E   26273.98708803  .00000023  00000+0  26143-4 0  9995
2 50473  87.9189 344.8579 0002032 102.6385 257.4974 13.17648542232045
ONEWEB-0401             
1 50481U 21132N   26273.82613359  .00000046  00000+0  83217-4 0  9998
2 50481  87.9145 314.4540 0001978  89.0346 271.1012 13.18685945235532
ONEWEB-0412             
1 50489U 21132W   26273.87671514 -.00000006  00000+0 -47406-4 0  9996
2 50489  87.9136 314.4532 0002039  87.6209 272.5156 13.18686634235587
ONEWEB-0424             
1 50497U 21132AE  26274.05037109  .00000091  00000+0  19868-3 0  9994
2 50497  87.9140 314.4189 0001692 110.7406 249.3908 13.18684902235594
ONEWEB-0410             
1 51622U 22012A   26273.99636786 -.00000033  00000+0 -11764-3 0  9996
2 51622  87.9188 344.8556 0003129 111.5133 248.6333 13.17647540227631
ONEWEB-0431             
1 51630U 22012J   26274.04153232  .00000636  00000+0  17864-2 0  9995
2 51630  87.8920  15.2027 0001186 105.5014 254.6245 13.10372755223201
ONEWEB-0444             
1 51638U 22012S   26273.77523031 -.00000656  00000+0 -19165-2 0  9990
2 51638  87.8920  15.2558 0001827  97.1492 262.9843 13.10371482223163
ONEWEB-0458             
1 51648U 22012AC  26273.77781168 -.00000638  00000+0 -18631-2 0  9995
2 51648  87.8919  15.2417 0001944  98.2539 261.8809 13.10369186223135
ONEWEB-0490             
1 54113U 22138A   26273.97482756  .00000075  00000+0  15432-3 0  9997
2 54113  87.9095 283.8859 0001777  85.3588 274.7747 13.19724265190789
ONEWEB-0503             
1 54121U 22138J   26273.98113735  .00000104  00000+0  22723-3 0  9999
2 54121  87.9107 283.8829 0002157  90.1800 269.9580 13.19723955190778
ONEWEB-0511             
1 54129U 22138S   26273.85319880  .00000842  00000+0  20710-2 0  9994
2 54129  87.9097 283.9104 0002094  87.2584 272.8788 13.19730840190771
ONEWEB-0519             
1 54137U 22138AA  26274.01113685 -.00000684  00000+0 -17419-2 0  9995
2 54137  87.9101 283.8779 0001747  91.4271 268.7062 13.19730917190793
ONEWEB-0529             
1 54145U 22138AJ  26274.03800811  .00000038  00000+0  62213-4 0  9995
2 54145  87.9092 283.8760 0001755  84.2829 275.8504 13.19726400190780
ONEWEB-0542             
1 54646U 22166E   26273.89761021  .00000076  00000+0  15178-3 0  9993
2 54646  87.9305 222.9401 0002281  76.0116 284.1271 13.21824650185509
ONEWEB-0587             
1 54654U 22166N   26274.10956257  .00000047  00000+0  81201-4 0  9993
2 54654  87.9311 222.8996 0001662  76.2967 283.8352 13.21826878185679
ONEWEB-0597             
1 54663U 22166X   26274.11123715  .00000109  00000+0  23299-3 0  9990
2 54663  87.9299 222.9059 0002101  77.2631 282.8737 13.21828125185531
ONEWEB-0607             
1 54671U 22166AF  26274.10113382  .00000075  00000+0  15093-3 0  9992
2 54671  87.9304 222.8984 0002076  77.8194 282.3172 13.21827845185530
ONEWEB-0685             
1 54679U 22166AP  26273.84282741 -.00000031  00000+0 -10480-3 0  9995
2 54679  87.9296 222.9151 0002344  90.2555 269.8848 13.23188057185383
ONEWEB-0560             
1 55145U 23004F   26274.07399213  .00000118  00000+0  26572-3 0  9998
2 55145  87.9134 314.4109 0001661  91.8939 268.2383 13.18686687183669
ONEWEB-0588             
1 55153U 23004P   26273.88008474 -.00001146  00000+0 -29406-2 0  9993
2 55153  87.9126 314.4591 0002091 111.5694 248.5661 13.18692672183627
ONEWEB-0620             
1 55161U 23004X   26273.73294103 -.00000583  00000+0 -16813-2 0  9994
2 55161  87.8963   0.0976 0001600 108.7152 251.4150 13.11417360179668
ONEWEB-0628             
1 55169U 23004AF  26273.68857045  .00000405  00000+0  10907-2 0  9995
2 55169  87.8964 329.7106 0002512 101.2157 258.9255 13.12442274181876
ONEWEB-0717             
1 55178U 23004AQ  26273.95923506  .00000014  00000+0  17755-5 0  9998
2 55178  87.9192 344.8638 0002203 114.5617 245.5744 13.17647447181568
ONEWEB-0638             
1 55802U 23029G   26273.96807080  .00000167  00000+0  41597-3 0  9996
2 55802  87.8885 268.6387 0002412  83.0895 277.0509 13.14502460173296
ONEWEB-0646             
1 55810U 23029Q   26273.97323090  .00000077  00000+0  15905-3 0  9994
2 55810  87.9093 283.8897 0001634  87.3970 272.7350 13.19723685172843
ONEWEB-0657             
1 55818U 23029Y   26273.98905239  .00000089  00000+0  18967-3 0  9998
2 55818  87.9097 283.8858 0002244 110.2242 249.9132 13.19726219172860
ONEWEB-0666             
1 55826U 23029AG  26273.94067234 -.00000062  00000+0 -18346-3 0  9991
2 55826  87.9144 253.3625 0001932 106.4738 253.6608 13.20772845175115
ONEWEB-0675             
1 55834U 23029AQ  26274.04746971 -.00000523  00000+0 -13383-2 0  9991
2 55834  87.9091 283.8766 0001764 100.5944 259.5387 13.19726652172889
ONEWEB-0550             
1 56052U 23043G   26273.90098584 -.00000052  00000+0 -15753-3 0  9995
2 56052  87.9303 222.9410 0002174  73.2060 286.9312 13.21825910172195
ONEWEB-0566             
1 56061U 23043R   26274.09777903  .00000025  00000+0  29753-4 0  9999
2 56061  87.9305 222.8974 0001736  70.8465 289.2857 13.21827219172224
ONEWEB-0581             
1 56069U 23043Z   26274.09002652 -.00000048  00000+0 -15824-3 0  9999
2 56069  87.9166 207.7603 0002492  73.5298 286.6107 13.16595062172896
ONEWEB-0636             
1 56077U 23043AH  26273.85591268 -.00000118  00000+0 -34745-3 0  9998
2 56077  87.9009 238.1341 0002179  80.8179 279.3198 13.15547756170308
ONEWEB-0677             
1 56713U 23068D   26273.94236261 -.00000030  00000+0 -10682-3 0  9998
2 56713  87.9154 253.3344 0002310  91.3700 268.7698 13.20772731163760
ONEWEB-0686             
1 56721U 23068M   26274.06786085 -.00000039  00000+0 -13618-3 0  9996
2 56721  87.9163 207.7692 0001611  77.4969 282.6342 13.16595064165640
ONEWEB-0689             
1 61597U 24188D   26274.01440080  .00000259  00000+0  69479-3 0  9992
2 61597  87.8972   0.0278 0001793 112.4486 247.6832 13.11416323 98323
ONEWEB-0699             
1 61605U 24188M   26274.04675727  .00000653  00000+0  18349-2 0  9990
2 61605  87.8917  15.2005 0001111 106.8100 253.3149 13.10372097 97177
