IRIDIUM 33              
1 24946U 97051C   26274.06115876  .00000138  00000+0  41531-4 0  9991
2 24946  86.3845 305.5290 0007386 356.4532   3.6611 14.35181889520278
IRIDIUM 33 DEB          
1 33775U 97051N   26273.82620799  .00000629  00000+0  18492-3 0  9993
2 33775  86.3576 284.7797 0010271 278.3955 257.0917 14.42211260923497
IRIDIUM 33 DEB          
1 33850U 97051T   26273.93980714  .00000774  00000+0  22591-3 0  9991
2 33850  86.3352 264.4461 0009339 288.1622  92.2178 14.42859891923653
IRIDIUM 33 DEB          
1 33862U 97051AF  26273.74297646  .00001730  00000+0  25346-3 0  9992
2 33862  86.4041 268.1398 0050270 131.5916  42.4736 14.74108944931207
IRIDIUM 33 DEB          
1 33881U 97051BA  26273.43232256  .00003353  00000+0  62840-3 0  9998
2 33881  86.3866 339.1002 0052969 261.1888 108.9486 14.63617973917588
IRIDIUM 33 DEB          
1 33886U 97051BF  26274.07449733  .00000229  00000+0  71655-4 0  9998
2 33886  86.3803 304.1794 0014462  19.1178  10.4364 14.36326785922488
IRIDIUM 33 DEB          
1 33960U 97051BV  26273.92668391  .00006612  00000+0  58069-3 0  9992
2 33960  86.2563 150.3375 0003164  98.9053 273.9121 14.96435675932240
IRIDIUM 33 DEB          
1 34077U 97051CL  26273.98613160  .00003133  00000+0  52945-3 0  9994
2 34077  86.3795 282.2530 0012037 100.1168 288.7295 14.69060928926185
IRIDIUM 33 DEB          
1 34091U 97051DA  26274.02404222  .00021948  00000+0  17139-2 0  9992
2 34091  86.3419 290.8457 0022303 337.6813  22.3446 15.00817183922262
IRIDIUM 33 DEB          
1 34145U 97051DY  26273.82154402  .00001541  00000+0  43777-3 0  9996
2 34145  86.2158 202.2091 0049773 207.7051 152.1498 14.44080568918511
IRIDIUM 33 DEB          
1 34350U 97051ES  26273.40625806  .00000697  00000+0  18967-3 0  9993
2 34350  86.3255 236.1499 0018571 249.5639 229.2896 14.46032470925072
IRIDIUM 33 DEB          
1 34376U 97051FU  26273.89698033  .00004206  00000+0  73948-3 0  9996
2 34376  86.2938 234.5294 0020917 251.9697 107.9238 14.67295251922856
IRIDIUM 33 DEB          
1 34492U 97051GH  26273.87465542  .00008183  00000+0  26168-2 0  9999
2 34492  86.4711 216.0152 0181004  15.8757  48.0374 14.30559572892292
IRIDIUM 33 DEB          
1 34508U 97051GZ  26273.64821931  .00001391  00000+0  42541-3 0  9998
2 34508  86.3734 338.6757 0060967 293.7350  65.7461 14.40129523915082
IRIDIUM 33 DEB          
1 34529U 97051HW  26273.94590462  .00000255  00000+0  73213-4 0  9995
2 34529  86.3574 270.8119 0003845 348.0740  12.0368 14.40941106923499
IRIDIUM 33 DEB          
1 34648U 97051JZ  26273.67356851  .00001906  00000+0  84753-3 0  9993
2 34648  86.3980 163.7654 0167518  96.4760 265.5528 14.15220260890860
IRIDIUM 33 DEB          
1 34690U 97051KM  26273.97394315  .00002013  00000+0  44795-3 0  9992
2 34690  86.3717 269.8361 0011710 102.7936 286.9436 14.56483282923464
IRIDIUM 33 DEB          
1 34765U 97051LJ  26273.75180595  .00000639  00000+0  19219-3 0  9999
2 34765  86.3329 267.3794 0015492 344.6205 189.7160 14.41120050918188
IRIDIUM 33 DEB          
1 34896U 97051MY  26274.06100738  .00001896  00000+0  32061-3 0  9996
2 34896  86.3340 195.3027 0023365 298.9797  73.6043 14.68683981919076
IRIDIUM 33 DEB          
1 35051U 97051NX  26273.66100932  .00001072  00000+0  27897-3 0  9998
2 35051  86.3210 241.4591 0007369 177.0103 183.1147 14.48743377912214
IRIDIUM 33 DEB          
1 35299U 97051PP  26273.76810250  .00001319  00000+0  38254-3 0  9997
2 35299  86.2821 265.7920 0052560 215.7009 264.4498 14.42906352905399
IRIDIUM 33 DEB          
1 35484U 97051QE  26273.56510212  .00039831  00000+0  15445-2 0  9992
2 35484  86.3456 212.8488 0015771 110.8623 249.4314 15.25845900664263
IRIDIUM 33 DEB          
1 35618U 97051QQ  26265.17735907  .00001068  00000+0  25087-3 0  9994
2 35618  86.3387 229.4160 0029270 141.5350 218.7951 14.53247589695093
IRIDIUM 33 DEB          
1 35628U 97051RA  26273.63979879  .00003182  00000+0  50987-3 0  9999
2 35628  86.3537 238.3782 0013904  51.1753 309.0702 14.71384898907347
IRIDIUM 33 DEB          
1 35744U 97051RX  26274.05493902  .00002509  00000+0  37408-3 0  9998
2 35744  86.3335 192.9462 0017531 270.4395  89.4814 14.74378265916347
IRIDIUM 33 DEB          
1 35806U 97051SQ  26262.26837131  .00002540  00000+0  52601-3 0  9990
2 35806  86.3385 256.7858 0012544 187.0537 173.0499 14.59868229904140
IRIDIUM 33 DEB          
1 35848U 97051SY  26271.22830222  .00006118  00000+0  71807-3 0  9990
2 35848  86.3849 245.1392 0003692 276.2763  83.8040 14.84792946709785
IRIDIUM 33 DEB          
1 35918U 97051UB  26271.86460941  .00001834  00000+0  43595-3 0  9998
2 35918  86.4000 311.0839 0023115 277.4606 207.6643 14.53238045894188
IRIDIUM 33 DEB          
1 36012U 97051UT  26274.04653410  .00006212  00000+0  21463-2 0  9996
2 36012  86.4405 189.3344 0226999  46.7156 315.2722 14.22172184696352
IRIDIUM 33 DEB          
1 36080U 97051VM  26273.17727138  .00001247  00000+0  33305-3 0  9995
2 36080  86.3184 240.8648 0014725 277.3617  82.5913 14.47600272516297
IRIDIUM 33 DEB          
1 36483U 97051VZ  26273.30308537  .00000807  00000+0  21788-3 0  9998
2 36483  86.3739 287.6045 0007041 231.7069 128.3501 14.46704968693607
IRIDIUM 33 DEB          
1 36497U 97051WP  26263.33961218  .00003656  00000+0  63534-3 0  9996
2 36497  86.1510 121.9785 0042956 237.0931 122.6148 14.67308238697767
IRIDIUM 33 DEB          
1 37550U 97051XK  26273.69526205  .00002943  00000+0  47705-3 0  9990
2 37550  86.3721 253.9926 0003535 134.0976 226.0532 14.70914014906209
IRIDIUM 33 DEB          
1 37565U 97051YA  26259.24325484  .00001399  00000+0  33686-3 0  9994
2 37565  86.3442 248.5460 0010697 222.6008 137.4370 14.52590282698643
IRIDIUM 33 DEB          
1 38028U 97051YQ  26273.16891783  .00000781  00000+0  20885-3 0  9997
2 38028  86.3255 233.4737 0025426 232.1334 127.7569 14.46900090697088
IRIDIUM 33 DEB          
1 38474U 97051AAB 26273.66500349  .00001032  00000+0  25042-3 0  9992
2 38474  86.3386 242.6831 0024497 182.7924 177.3149 14.51815821695522
IRIDIUM 33 DEB          
1 39778U 97051AAK 26273.97560046  .00001785  00000+0  39927-3 0  9996
2 39778  86.3713 276.1327 0009305 112.1962 248.0234 14.56200548649435
IRIDIUM 33 DEB          
1 40996U 97051ABJ 26258.87718342  .00054324  00000+0  25031-2 0  9993
2 40996  86.3437 229.3184 0010804  95.7832 264.4643 15.20004132666664
IRIDIUM 33 DEB          
1 46734U 97051ABR 26268.19995663  .00002123  00000+0  61600-3 0  9991
2 46734  86.2602 236.8828 0041238 103.8599 313.2167 14.43456657671417
IRIDIUM 33 DEB          
1 46972U 97051ACE 26269.78483752  .00001152  00000+0  28176-3 0  9994
2 46972  86.3808 275.2855 0007620 207.8236 326.8586 14.51732623657505
